mcnp       5.mpi 03/01/18 05:43:23    11 10000000000  7033652109325
 dlvn                                                                           
ntal     6
   14   24   34   44   54   64
tally   14    1    0
f        1
     56
d        1
u        0
s        0
m        0
c        0
e        0
t        0
vals
  7.08289E-07 0.0002
tfc   10       1       1       1       1       1       1       1       1
 1000000000  7.07996E-07  5.80423E-04  8.66969E+02
 2000000000  7.08081E-07  4.06843E-04  8.81974E+02
 3000000000  7.08192E-07  3.33236E-04  8.76220E+02
 4000000000  7.08344E-07  2.88219E-04  8.78311E+02
 5000000000  7.08317E-07  2.56899E-04  8.84435E+02
 6000000000  7.08163E-07  2.33834E-04  8.89591E+02
 7000000000  7.08253E-07  2.17043E-04  8.84969E+02
 8000000000  7.08335E-07  2.04061E-04  8.75987E+02
 9000000000  7.08217E-07  1.91971E-04  8.79798E+02
10000000000  7.08289E-07  1.82143E-04  8.79516E+02
tally   24    1    0
f        1
     55
d        1
u        0
s        0
m        0
c        0
e        0
t        0
vals
  2.47317E-06 0.0004
tfc   10       1       1       1       1       1       1       1       1
 1000000000  2.47176E-06  6.62468E-04  6.65522E+02
 2000000000  2.47298E-06  4.83588E-04  6.24250E+02
 3000000000  2.47455E-06  1.13498E-03  7.55339E+01
 4000000000  2.47427E-06  8.74254E-04  9.54591E+01
 5000000000  2.47384E-06  7.58008E-04  1.01589E+02
 6000000000  2.47337E-06  6.42044E-04  1.17998E+02
 7000000000  2.47329E-06  5.61269E-04  1.32336E+02
 8000000000  2.47280E-06  4.97127E-04  1.47598E+02
 9000000000  2.47258E-06  4.49761E-04  1.60284E+02
10000000000  2.47317E-06  4.40969E-04  1.50056E+02
tally   34    1    0
f        1
     54
d        1
u        0
s        0
m        0
c        0
e        0
t        0
vals
  4.39723E-07 0.0002
tfc   10       1       1       1       1       1       1       1       1
 1000000000  4.39552E-07  6.79837E-04  6.31952E+02
 2000000000  4.39711E-07  4.80265E-04  6.32919E+02
 3000000000  4.39895E-07  3.94235E-04  6.26046E+02
 4000000000  4.40007E-07  3.42295E-04  6.22719E+02
 5000000000  4.39926E-07  3.05550E-04  6.25211E+02
 6000000000  4.39848E-07  2.78328E-04  6.27898E+02
 7000000000  4.39869E-07  2.57617E-04  6.28159E+02
 8000000000  4.39797E-07  2.40880E-04  6.28660E+02
 9000000000  4.39750E-07  2.27361E-04  6.27224E+02
10000000000  4.39723E-07  2.15245E-04  6.29800E+02
tally   44    1    0
f        1
     53
d        1
u        0
s        0
m        0
c        0
e        0
t        0
vals
  1.45570E-05 0.0072
tfc   10       1       1       1       1       1       1       1       1
 1000000000  1.43018E-05  2.42319E-03  4.97413E+01
 2000000000  1.43046E-05  1.83346E-03  4.34278E+01
 3000000000  1.45914E-05  1.79490E-02  3.02022E-01
 4000000000  1.45546E-05  1.35577E-02  3.96934E-01
 5000000000  1.45173E-05  1.08970E-02  4.91561E-01
 6000000000  1.44881E-05  9.13424E-03  5.82987E-01
 7000000000  1.44939E-05  7.90631E-03  6.66919E-01
 8000000000  1.45827E-05  8.62971E-03  4.89806E-01
 9000000000  1.45510E-05  7.69197E-03  5.47997E-01
10000000000  1.45570E-05  7.23341E-03  5.57676E-01
tally   54    1    0
f        1
     52
d        1
u        0
s        0
m        0
c        0
e        0
t        0
vals
  2.52236E-07 0.0004
tfc   10       1       1       1       1       1       1       1       1
 1000000000  2.52016E-07  1.12685E-03  2.30015E+02
 2000000000  2.52185E-07  8.06602E-04  2.24384E+02
 3000000000  2.52171E-07  6.57068E-04  2.25370E+02
 4000000000  2.52274E-07  5.84236E-04  2.13755E+02
 5000000000  2.52256E-07  5.19332E-04  2.16422E+02
 6000000000  2.52286E-07  4.78071E-04  2.12824E+02
 7000000000  2.52304E-07  4.43915E-04  2.11554E+02
 8000000000  2.52263E-07  4.15132E-04  2.11662E+02
 9000000000  2.52261E-07  3.89705E-04  2.13492E+02
10000000000  2.52236E-07  3.68813E-04  2.14514E+02
tally   64    1    0
f        1
     51
d        1
u        0
s        0
m        0
c        0
e        0
t        0
vals
  1.34090E-07 0.0021
tfc   10       1       1       1       1       1       1       1       1
 1000000000  1.32761E-07  6.00070E-03  8.11129E+00
 2000000000  1.33729E-07  4.56488E-03  7.00570E+00
 3000000000  1.34086E-07  3.63529E-03  7.36275E+00
 4000000000  1.34417E-07  3.54482E-03  5.80637E+00
 5000000000  1.34281E-07  3.12503E-03  5.97699E+00
 6000000000  1.34272E-07  2.78928E-03  6.25199E+00
 7000000000  1.34118E-07  2.52130E-03  6.55800E+00
 8000000000  1.34011E-07  2.33931E-03  6.66561E+00
 9000000000  1.34188E-07  2.21392E-03  6.61501E+00
10000000000  1.34090E-07  2.07173E-03  6.79831E+00
