mcnp       5.mpi 02/27/18 02:53:42    11 10000000000 29341608934413
 dlvn                                                                           
ntal     6
   14   24   34   44   54   64
tally   14    1    0
f        1
     56
d        1
u        0
s        0
m        0
c        0
e        0
t        0
vals
  6.97293E-07 0.0048
tfc   10       1       1       1       1       1       1       1       1
 1000000000  7.01117E-07  1.28359E-02  5.37285E-01
 2000000000  7.04152E-07  1.06780E-02  3.87999E-01
 3000000000  7.02111E-07  9.03858E-03  3.61056E-01
 4000000000  7.00727E-07  7.72170E-03  3.71102E-01
 5000000000  6.98613E-07  6.97090E-03  3.64333E-01
 6000000000  6.97263E-07  6.26009E-03  3.76498E-01
 7000000000  6.94286E-07  5.69822E-03  3.89519E-01
 8000000000  6.94178E-07  5.33078E-03  3.89422E-01
 9000000000  6.96307E-07  5.05964E-03  3.84263E-01
10000000000  6.97293E-07  4.76703E-03  3.89597E-01
tally   24    1    0
f        1
     55
d        1
u        0
s        0
m        0
c        0
e        0
t        0
vals
  2.47935E-06 0.0085
tfc   10       1       1       1       1       1       1       1       1
 1000000000  2.41935E-06  1.07738E-02  7.62652E-01
 2000000000  2.42606E-06  8.57677E-03  6.01398E-01
 3000000000  2.45897E-06  1.26590E-02  1.84067E-01
 4000000000  2.46650E-06  1.10888E-02  1.79948E-01
 5000000000  2.47295E-06  9.78365E-03  1.84959E-01
 6000000000  2.46832E-06  8.37911E-03  2.10149E-01
 7000000000  2.47147E-06  9.34588E-03  1.44799E-01
 8000000000  2.47651E-06  8.60518E-03  1.49445E-01
 9000000000  2.48226E-06  9.34821E-03  1.12567E-01
10000000000  2.47935E-06  8.53906E-03  1.21420E-01
tally   34    1    0
f        1
     54
d        1
u        0
s        0
m        0
c        0
e        0
t        0
vals
  4.38135E-07 0.0041
tfc   10       1       1       1       1       1       1       1       1
 1000000000  4.38657E-07  1.31865E-02  5.09100E-01
 2000000000  4.45837E-07  1.27127E-02  2.73738E-01
 3000000000  4.44439E-07  9.34035E-03  3.38103E-01
 4000000000  4.41560E-07  7.49728E-03  3.93651E-01
 5000000000  4.40134E-07  6.51026E-03  4.17716E-01
 6000000000  4.40057E-07  5.68336E-03  4.56786E-01
 7000000000  4.37975E-07  5.07420E-03  4.91214E-01
 8000000000  4.36648E-07  4.66025E-03  5.09546E-01
 9000000000  4.37417E-07  4.34394E-03  5.21316E-01
10000000000  4.38135E-07  4.07493E-03  5.33176E-01
tally   44    1    0
f        1
     53
d        1
u        0
s        0
m        0
c        0
e        0
t        0
vals
  1.43892E-05 0.0042
tfc   10       1       1       1       1       1       1       1       1
 1000000000  1.46680E-05  1.46350E-02  4.13312E-01
 2000000000  1.46497E-05  1.09046E-02  3.72041E-01
 3000000000  1.45434E-05  8.32475E-03  4.25631E-01
 4000000000  1.44993E-05  7.21305E-03  4.25286E-01
 5000000000  1.45025E-05  6.44342E-03  4.26427E-01
 6000000000  1.44664E-05  5.85145E-03  4.30920E-01
 7000000000  1.44256E-05  5.21177E-03  4.65625E-01
 8000000000  1.44171E-05  4.76143E-03  4.88120E-01
 9000000000  1.43959E-05  4.46106E-03  4.94302E-01
10000000000  1.43892E-05  4.18882E-03  5.04575E-01
tally   54    1    0
f        1
     52
d        1
u        0
s        0
m        0
c        0
e        0
t        0
vals
  2.51954E-07 0.0066
tfc   10       1       1       1       1       1       1       1       1
 1000000000  2.53679E-07  1.49549E-02  3.95818E-01
 2000000000  2.53151E-07  1.39206E-02  2.28293E-01
 3000000000  2.52181E-07  1.09056E-02  2.48014E-01
 4000000000  2.52447E-07  9.89328E-03  2.26067E-01
 5000000000  2.51779E-07  8.69410E-03  2.34222E-01
 6000000000  2.51474E-07  7.69932E-03  2.48896E-01
 7000000000  2.51350E-07  7.00097E-03  2.58042E-01
 8000000000  2.52443E-07  7.30235E-03  2.07528E-01
 9000000000  2.52620E-07  7.22699E-03  1.88345E-01
10000000000  2.51954E-07  6.63115E-03  2.01341E-01
tally   64    1    0
f        1
     51
d        1
u        0
s        0
m        0
c        0
e        0
t        0
vals
  1.32278E-07 0.0083
tfc   10       1       1       1       1       1       1       1       1
 1000000000  1.32054E-07  2.10585E-02  1.99620E-01
 2000000000  1.32162E-07  1.45188E-02  2.09870E-01
 3000000000  1.31724E-07  1.18302E-02  2.10763E-01
 4000000000  1.34134E-07  1.66457E-02  7.98572E-02
 5000000000  1.33241E-07  1.39044E-02  9.15736E-02
 6000000000  1.32657E-07  1.19679E-02  1.03012E-01
 7000000000  1.32422E-07  1.05940E-02  1.12690E-01
 8000000000  1.31947E-07  9.69221E-03  1.17803E-01
 9000000000  1.31813E-07  8.88585E-03  1.24586E-01
10000000000  1.32278E-07  8.30399E-03  1.28392E-01
