mcnp       5.mpi 02/25/18 19:16:02     3  1000000000   394791513368
 steel-plate                                                                    
ntal     1
    4
tally    4    1    0
f        1
     42
d        1
u        0
s        0
m        0
c        0
e        0
t        0
vals
  2.55412E-12 0.2420
tfc   10       1       1       1       1       1       1       1       1
  100000000  1.61801E-12  1.72566E-02  2.35871E+01
  200000000  1.61152E-12  1.21079E-02  2.33718E+01
  300000000  3.81774E-12  5.24609E-01  7.31921E-03
  400000000  3.52983E-12  4.30347E-01  8.22621E-03
  500000000  3.15539E-12  3.85139E-01  8.39290E-03
  600000000  2.91641E-12  3.47279E-01  8.73514E-03
  700000000  2.73361E-12  3.17576E-01  9.06793E-03
  800000000  2.73319E-12  2.82353E-01  1.00439E-02
  900000000  2.63438E-12  2.60474E-01  1.05176E-02
 1000000000  2.55412E-12  2.41963E-01  1.10576E-02
