mcnp       5.mpi 03/02/18 14:20:05     2  1000000000    73027620512
                                                                                
ntal     4
   14   24   34   44
tally   14    2    0
f        1
      1
d        1
u        0
s        0
m        0
c        0
e        0
t        0
vals
  5.36218E-10 0.0201
tfc   10       1       1       1       1       1       1       1       1
  100000000  5.26093E-10  5.51012E-02  6.53034E+00
  200000000  5.19347E-10  3.74672E-02  7.06349E+00
  300000000  5.06723E-10  2.82815E-02  8.26466E+00
  400000000  5.04944E-10  2.45458E-02  8.23004E+00
  500000000  5.12562E-10  2.29892E-02  7.50760E+00
  600000000  5.24483E-10  2.17759E-02  6.97401E+00
  700000000  5.31446E-10  2.16287E-02  6.05968E+00
  800000000  5.35219E-10  2.17535E-02  5.24175E+00
  900000000  5.37031E-10  1.99535E-02  5.53805E+00
 1000000000  5.36218E-10  2.01111E-02  4.90651E+00
tally   24    2    0
f        1
      2
d        1
u        0
s        0
m        0
c        0
e        0
t        0
vals
  4.34661E-10 0.0169
tfc   10       1       1       1       1       1       1       1       1
  100000000  4.96453E-10  7.94160E-02  3.14371E+00
  200000000  4.63731E-10  4.85072E-02  4.21413E+00
  300000000  4.44433E-10  3.70461E-02  4.81666E+00
  400000000  4.53795E-10  3.22028E-02  4.78155E+00
  500000000  4.44566E-10  2.73354E-02  5.31004E+00
  600000000  4.41844E-10  2.40880E-02  5.69944E+00
  700000000  4.40981E-10  2.17867E-02  5.97208E+00
  800000000  4.39936E-10  1.99809E-02  6.21300E+00
  900000000  4.35590E-10  1.83620E-02  6.53965E+00
 1000000000  4.34661E-10  1.69335E-02  6.92071E+00
tally   34    2    0
f        1
      3
d        1
u        0
s        0
m        0
c        0
e        0
t        0
vals
  3.35935E-10 0.0176
tfc   10       1       1       1       1       1       1       1       1
  100000000  3.05594E-10  5.63310E-02  6.24832E+00
  200000000  3.20580E-10  3.53634E-02  7.92892E+00
  300000000  3.20308E-10  2.67315E-02  9.25089E+00
  400000000  3.26529E-10  2.47318E-02  8.10672E+00
  500000000  3.27556E-10  2.37183E-02  7.05309E+00
  600000000  3.25559E-10  2.08646E-02  7.59654E+00
  700000000  3.26101E-10  1.88447E-02  7.98237E+00
  800000000  3.30936E-10  1.86051E-02  7.16584E+00
  900000000  3.37064E-10  1.91637E-02  6.00391E+00
 1000000000  3.35935E-10  1.76255E-02  6.38795E+00
tally   44    2    0
f        1
      4
d        1
u        0
s        0
m        0
c        0
e        0
t        0
vals
  4.56283E-10 0.0204
tfc   10       1       1       1       1       1       1       1       1
  100000000  5.28151E-10  9.70189E-02  2.10642E+00
  200000000  5.05608E-10  5.82887E-02  2.91845E+00
  300000000  4.74411E-10  4.41455E-02  3.39201E+00
  400000000  4.68132E-10  3.61415E-02  3.79615E+00
  500000000  4.66331E-10  3.06865E-02  4.21362E+00
  600000000  4.67626E-10  2.75486E-02  4.35749E+00
  700000000  4.61648E-10  2.51678E-02  4.47525E+00
  800000000  4.61829E-10  2.33283E-02  4.55792E+00
  900000000  4.59046E-10  2.17638E-02  4.65506E+00
 1000000000  4.56283E-10  2.03656E-02  4.78465E+00
