mcnp       5.mpi 03/02/18 11:39:04     3  1000000000   212820624103
                                                                                
ntal     4
   14   24   34   44
tally   14    2    0
f        1
      1
d        1
u        0
s        0
m        0
c        0
e        0
t        0
vals
  5.30514E-10 0.0025
tfc   10       1       1       1       1       1       1       1       1
  100000000  5.28115E-10  7.92255E-03  1.13637E+02
  200000000  5.25422E-10  5.55717E-03  1.15539E+02
  300000000  5.26431E-10  4.52476E-03  1.16209E+02
  400000000  5.27688E-10  3.92184E-03  1.16030E+02
  500000000  5.27833E-10  3.49170E-03  1.17106E+02
  600000000  5.28416E-10  3.17710E-03  1.17879E+02
  700000000  5.29165E-10  2.94255E-03  1.17795E+02
  800000000  5.29721E-10  2.75370E-03  1.17696E+02
  900000000  5.30411E-10  2.60385E-03  1.17007E+02
 1000000000  5.30514E-10  2.46385E-03  1.17604E+02
tally   24    2    0
f        1
      2
d        1
u        0
s        0
m        0
c        0
e        0
t        0
vals
  4.33833E-10 0.0022
tfc   10       1       1       1       1       1       1       1       1
  100000000  4.33002E-10  7.06965E-03  1.42710E+02
  200000000  4.33232E-10  4.93325E-03  1.46612E+02
  300000000  4.32308E-10  4.00015E-03  1.48689E+02
  400000000  4.32907E-10  3.45911E-03  1.49149E+02
  500000000  4.33098E-10  3.08303E-03  1.50210E+02
  600000000  4.33618E-10  2.80872E-03  1.50828E+02
  700000000  4.33568E-10  2.59983E-03  1.50898E+02
  800000000  4.33991E-10  2.43181E-03  1.50916E+02
  900000000  4.34025E-10  2.28959E-03  1.51331E+02
 1000000000  4.33833E-10  2.17103E-03  1.51468E+02
tally   34    2    0
f        1
      3
d        1
u        0
s        0
m        0
c        0
e        0
t        0
vals
  3.39480E-10 0.0022
tfc   10       1       1       1       1       1       1       1       1
  100000000  3.37901E-10  6.97182E-03  1.46744E+02
  200000000  3.39487E-10  5.00842E-03  1.42244E+02
  300000000  3.40516E-10  4.10019E-03  1.41522E+02
  400000000  3.41043E-10  3.55171E-03  1.41473E+02
  500000000  3.40060E-10  3.16530E-03  1.42503E+02
  600000000  3.40490E-10  2.90819E-03  1.40686E+02
  700000000  3.39660E-10  2.68302E-03  1.41686E+02
  800000000  3.39724E-10  2.50038E-03  1.42752E+02
  900000000  3.39562E-10  2.35225E-03  1.43376E+02
 1000000000  3.39480E-10  2.22743E-03  1.43895E+02
tally   44    2    0
f        1
      4
d        1
u        0
s        0
m        0
c        0
e        0
t        0
vals
  4.41838E-10 0.0030
tfc   10       1       1       1       1       1       1       1       1
  100000000  4.37346E-10  9.15867E-03  8.50329E+01
  200000000  4.39476E-10  6.58761E-03  8.22205E+01
  300000000  4.40752E-10  5.38397E-03  8.20777E+01
  400000000  4.39817E-10  4.64113E-03  8.28517E+01
  500000000  4.41284E-10  4.20260E-03  8.08385E+01
  600000000  4.41935E-10  3.84884E-03  8.03225E+01
  700000000  4.41608E-10  3.57903E-03  7.96243E+01
  800000000  4.42469E-10  3.34584E-03  7.97233E+01
  900000000  4.41964E-10  3.14465E-03  8.02232E+01
 1000000000  4.41838E-10  2.97286E-03  8.07798E+01
