mcnp       5.mpi 03/02/18 02:48:55    11 10000000000  6136576276179
 dlvn                                                                           
ntal     6
   14   24   34   44   54   64
tally   14    1    0
f        1
     56
d        1
u        0
s        0
m        0
c        0
e        0
t        0
vals
  7.08567E-07 0.0005
tfc   10       1       1       1       1       1       1       1       1
 1000000000  7.08680E-07  1.64349E-03  9.28317E+01
 2000000000  7.08918E-07  1.46907E-03  5.80985E+01
 3000000000  7.09138E-07  1.09001E-03  7.03592E+01
 4000000000  7.09055E-07  8.74167E-04  8.20385E+01
 5000000000  7.08866E-07  7.31003E-04  9.38630E+01
 6000000000  7.08664E-07  6.37374E-04  1.02887E+02
 7000000000  7.08638E-07  5.84284E-04  1.04942E+02
 8000000000  7.08588E-07  5.34975E-04  1.09535E+02
 9000000000  7.08531E-07  5.22153E-04  1.02206E+02
10000000000  7.08567E-07  4.86017E-04  1.06176E+02
tally   24    1    0
f        1
     55
d        1
u        0
s        0
m        0
c        0
e        0
t        0
vals
  2.47458E-06 0.0001
tfc   10       1       1       1       1       1       1       1       1
 1000000000  2.47605E-06  4.70438E-04  1.13299E+03
 2000000000  2.47590E-06  3.38144E-04  1.09659E+03
 3000000000  2.47510E-06  2.73214E-04  1.11989E+03
 4000000000  2.47489E-06  2.35905E-04  1.12650E+03
 5000000000  2.47505E-06  2.10876E-04  1.12792E+03
 6000000000  2.47484E-06  1.91936E-04  1.13457E+03
 7000000000  2.47472E-06  1.77761E-04  1.13377E+03
 8000000000  2.47476E-06  1.66062E-04  1.13679E+03
 9000000000  2.47469E-06  1.57545E-04  1.12269E+03
10000000000  2.47458E-06  1.49216E-04  1.12642E+03
tally   34    1    0
f        1
     54
d        1
u        0
s        0
m        0
c        0
e        0
t        0
vals
  4.39942E-07 0.0002
tfc   10       1       1       1       1       1       1       1       1
 1000000000  4.40224E-07  8.67086E-04  3.33508E+02
 2000000000  4.39950E-07  5.74508E-04  3.79888E+02
 3000000000  4.39852E-07  4.55434E-04  4.03022E+02
 4000000000  4.39813E-07  3.88619E-04  4.15105E+02
 5000000000  4.39959E-07  3.44905E-04  4.21632E+02
 6000000000  4.40029E-07  3.13759E-04  4.24576E+02
 7000000000  4.40011E-07  2.87492E-04  4.33459E+02
 8000000000  4.40015E-07  2.67473E-04  4.38187E+02
 9000000000  4.39937E-07  2.51633E-04  4.40084E+02
10000000000  4.39942E-07  2.38584E-04  4.40603E+02
tally   44    1    0
f        1
     53
d        1
u        0
s        0
m        0
c        0
e        0
t        0
vals
  1.44223E-05 0.0005
tfc   10       1       1       1       1       1       1       1       1
 1000000000  1.44495E-05  2.44989E-03  4.17771E+01
 2000000000  1.44501E-05  1.55895E-03  5.15921E+01
 3000000000  1.44486E-05  1.27703E-03  5.12599E+01
 4000000000  1.44407E-05  9.72051E-04  6.63480E+01
 5000000000  1.44379E-05  8.12767E-04  7.59279E+01
 6000000000  1.44318E-05  6.82999E-04  8.95997E+01
 7000000000  1.44252E-05  5.89792E-04  1.02991E+02
 8000000000  1.44264E-05  5.46199E-04  1.05079E+02
 9000000000  1.44247E-05  4.99086E-04  1.11872E+02
10000000000  1.44223E-05  4.53346E-04  1.22031E+02
tally   54    1    0
f        1
     52
d        1
u        0
s        0
m        0
c        0
e        0
t        0
vals
  2.52346E-07 0.0002
tfc   10       1       1       1       1       1       1       1       1
 1000000000  2.52433E-07  6.80140E-04  5.42044E+02
 2000000000  2.52324E-07  4.28655E-04  6.82389E+02
 3000000000  2.52293E-07  3.36371E-04  7.38828E+02
 4000000000  2.52326E-07  2.85541E-04  7.68901E+02
 5000000000  2.52344E-07  2.54516E-04  7.74292E+02
 6000000000  2.52385E-07  2.31767E-04  7.78116E+02
 7000000000  2.52380E-07  2.13394E-04  7.86748E+02
 8000000000  2.52386E-07  1.98269E-04  7.97458E+02
 9000000000  2.52363E-07  1.86444E-04  8.01630E+02
10000000000  2.52346E-07  1.75998E-04  8.09684E+02
tally   64    1    0
f        1
     51
d        1
u        0
s        0
m        0
c        0
e        0
t        0
vals
  1.33414E-07 0.0003
tfc   10       1       1       1       1       1       1       1       1
 1000000000  1.33432E-07  8.64783E-04  3.35287E+02
 2000000000  1.33407E-07  5.85391E-04  3.65894E+02
 3000000000  1.33453E-07  4.72352E-04  3.74670E+02
 4000000000  1.33494E-07  4.09528E-04  3.73800E+02
 5000000000  1.33458E-07  3.63005E-04  3.80634E+02
 6000000000  1.33447E-07  3.30451E-04  3.82765E+02
 7000000000  1.33425E-07  3.04946E-04  3.85260E+02
 8000000000  1.33422E-07  2.86649E-04  3.81521E+02
 9000000000  1.33415E-07  2.72846E-04  3.74315E+02
10000000000  1.33414E-07  2.58325E-04  3.75834E+02
