mcnp       5.mpi 03/02/18 12:52:15     3  1000000000   219889042261
                                                                                
ntal     4
   14   24   34   44
tally   14    2    0
f        1
      1
d        1
u        0
s        0
m        0
c        0
e        0
t        0
vals
  5.32518E-10 0.0030
tfc   10       1       1       1       1       1       1       1       1
  100000000  5.29799E-10  8.87213E-03  8.94705E+01
  200000000  5.29293E-10  6.36252E-03  8.70168E+01
  300000000  5.32345E-10  5.29033E-03  8.39137E+01
  400000000  5.33030E-10  4.67507E-03  8.05996E+01
  500000000  5.31599E-10  4.13304E-03  8.25019E+01
  600000000  5.32031E-10  3.77219E-03  8.25417E+01
  700000000  5.32340E-10  3.66130E-03  7.51055E+01
  800000000  5.31793E-10  3.40856E-03  7.58278E+01
  900000000  5.32445E-10  3.21612E-03  7.57137E+01
 1000000000  5.32518E-10  3.04313E-03  7.61145E+01
tally   24    2    0
f        1
      2
d        1
u        0
s        0
m        0
c        0
e        0
t        0
vals
  4.33525E-10 0.0024
tfc   10       1       1       1       1       1       1       1       1
  100000000  4.35565E-10  7.87350E-03  1.13606E+02
  200000000  4.30373E-10  5.39458E-03  1.21045E+02
  300000000  4.31303E-10  4.42566E-03  1.19906E+02
  400000000  4.33072E-10  3.92535E-03  1.14328E+02
  500000000  4.32741E-10  3.45836E-03  1.17832E+02
  600000000  4.33204E-10  3.15728E-03  1.17824E+02
  700000000  4.33541E-10  2.90879E-03  1.18992E+02
  800000000  4.33405E-10  2.71011E-03  1.19948E+02
  900000000  4.33408E-10  2.54465E-03  1.20944E+02
 1000000000  4.33525E-10  2.41118E-03  1.21241E+02
tally   34    2    0
f        1
      3
d        1
u        0
s        0
m        0
c        0
e        0
t        0
vals
  3.39780E-10 0.0023
tfc   10       1       1       1       1       1       1       1       1
  100000000  3.41252E-10  7.42637E-03  1.27698E+02
  200000000  3.40038E-10  5.28163E-03  1.26278E+02
  300000000  3.40307E-10  4.28444E-03  1.27941E+02
  400000000  3.40551E-10  3.69424E-03  1.29080E+02
  500000000  3.40467E-10  3.32505E-03  1.27469E+02
  600000000  3.40269E-10  3.02759E-03  1.28135E+02
  700000000  3.39879E-10  2.79683E-03  1.28709E+02
  800000000  3.40361E-10  2.61317E-03  1.29013E+02
  900000000  3.40042E-10  2.46559E-03  1.28824E+02
 1000000000  3.39780E-10  2.33814E-03  1.28934E+02
tally   44    2    0
f        1
      4
d        1
u        0
s        0
m        0
c        0
e        0
t        0
vals
  4.41242E-10 0.0029
tfc   10       1       1       1       1       1       1       1       1
  100000000  4.41252E-10  8.97674E-03  8.73973E+01
  200000000  4.43018E-10  6.47448E-03  8.40336E+01
  300000000  4.42118E-10  5.34931E-03  8.20734E+01
  400000000  4.41412E-10  4.61845E-03  8.25879E+01
  500000000  4.42199E-10  4.15459E-03  8.16483E+01
  600000000  4.42240E-10  3.82248E-03  8.03844E+01
  700000000  4.41777E-10  3.53452E-03  8.05903E+01
  800000000  4.42784E-10  3.32130E-03  7.98645E+01
  900000000  4.41799E-10  3.11575E-03  8.06704E+01
 1000000000  4.41242E-10  2.94766E-03  8.11250E+01
