mcnp       5.mpi 02/25/18 17:32:28     3  1000000000   395253759584
 steel-plate                                                                    
ntal     1
    4
tally    4    1    0
f        1
     42
d        1
u        0
s        0
m        0
c        0
e        0
t        0
vals
  1.90414E-12 0.0554
tfc   10       1       1       1       1       1       1       1       1
  100000000  1.60316E-12  1.01494E-02  6.69163E+01
  200000000  1.60411E-12  1.02399E-02  3.27931E+01
  300000000  1.69527E-12  5.71812E-02  6.88451E-01
  400000000  1.85482E-12  8.79015E-02  2.07820E-01
  500000000  1.83650E-12  7.14707E-02  2.52807E-01
  600000000  1.81440E-12  6.12505E-02  2.89497E-01
  700000000  1.85050E-12  5.60618E-02  2.96531E-01
  800000000  1.82002E-12  4.99048E-02  3.29142E-01
  900000000  1.88915E-12  5.92755E-02  2.07004E-01
 1000000000  1.90414E-12  5.53863E-02  2.10494E-01
