mcnp       5.mpi 03/05/18 09:55:51     3  1000000000   637082646044
                                                                                
ntal     4
   14   24   34   44
tally   14    2    0
f        1
      1
d        1
u        0
s        0
m        0
c        0
e        0
t        0
vals
  5.39092E-10 0.0082
tfc   10       1       1       1       1       1       1       1       1
  100000000  5.34516E-10  1.65519E-02  1.30226E+01
  200000000  5.29886E-10  1.15385E-02  1.34028E+01
  300000000  5.41029E-10  1.84813E-02  3.47986E+00
  400000000  5.42577E-10  1.60074E-02  3.47918E+00
  500000000  5.39783E-10  1.32372E-02  4.07047E+00
  600000000  5.41952E-10  1.14006E-02  4.57340E+00
  700000000  5.40638E-10  1.00640E-02  5.03052E+00
  800000000  5.39805E-10  9.03687E-03  5.45951E+00
  900000000  5.39203E-10  8.28404E-03  5.77506E+00
 1000000000  5.39092E-10  8.20129E-03  5.30242E+00
tally   24    2    0
f        1
      2
d        1
u        0
s        0
m        0
c        0
e        0
t        0
vals
  4.50872E-10 0.0520
tfc   10       1       1       1       1       1       1       1       1
  100000000  4.34801E-10  2.68654E-02  4.94319E+00
  200000000  4.25985E-10  1.94163E-02  4.73326E+00
  300000000  4.20613E-10  1.78085E-02  3.74777E+00
  400000000  4.22340E-10  1.54147E-02  3.75190E+00
  500000000  4.27662E-10  1.51709E-02  3.09894E+00
  600000000  4.26870E-10  1.33273E-02  3.34667E+00
  700000000  4.27829E-10  1.19646E-02  3.55925E+00
  800000000  4.28556E-10  1.09710E-02  3.70422E+00
  900000000  4.28126E-10  1.03808E-02  3.67769E+00
 1000000000  4.50872E-10  5.20247E-02  1.31771E-01
tally   34    2    0
f        1
      3
d        1
u        0
s        0
m        0
c        0
e        0
t        0
vals
  3.31885E-10 0.0158
tfc   10       1       1       1       1       1       1       1       1
  100000000  3.32383E-10  5.61925E-02  1.12989E+00
  200000000  3.20192E-10  3.54330E-02  1.42128E+00
  300000000  3.34424E-10  3.04053E-02  1.28567E+00
  400000000  3.37060E-10  2.73285E-02  1.19368E+00
  500000000  3.38794E-10  2.41838E-02  1.21952E+00
  600000000  3.36992E-10  2.13184E-02  1.30794E+00
  700000000  3.35202E-10  1.94153E-02  1.35165E+00
  800000000  3.32438E-10  1.79198E-02  1.38843E+00
  900000000  3.32262E-10  1.67779E-02  1.40788E+00
 1000000000  3.31885E-10  1.58049E-02  1.42776E+00
tally   44    2    0
f        1
      4
d        1
u        0
s        0
m        0
c        0
e        0
t        0
vals
  5.49362E-10 0.1776
tfc   10       1       1       1       1       1       1       1       1
  100000000  4.29259E-10  7.69664E-02  6.02270E-01
  200000000  4.26405E-10  5.13512E-02  6.76694E-01
  300000000  7.34736E-10  4.27225E-01  6.51199E-03
  400000000  6.61981E-10  3.55765E-01  7.04356E-03
  500000000  6.17668E-10  3.05171E-01  7.65863E-03
  600000000  6.20983E-10  2.61429E-01  8.69736E-03
  700000000  5.95887E-10  2.33627E-01  9.33482E-03
  800000000  5.74713E-10  2.12061E-01  9.91440E-03
  900000000  5.59453E-10  1.93721E-01  1.05605E-02
 1000000000  5.49362E-10  1.77646E-01  1.13013E-02
