mcnp       5.mpi 02/28/18 21:26:29    11 10000000000  7012493832703
 dlvn                                                                           
ntal     6
   14   24   34   44   54   64
tally   14    1    0
f        1
     56
d        1
u        0
s        0
m        0
c        0
e        0
t        0
vals
  7.08283E-07 0.0002
tfc   10       1       1       1       1       1       1       1       1
 1000000000  7.08027E-07  6.49664E-04  6.92765E+02
 2000000000  7.08233E-07  4.50862E-04  7.18680E+02
 3000000000  7.08221E-07  3.60258E-04  7.50140E+02
 4000000000  7.08427E-07  3.10173E-04  7.59034E+02
 5000000000  7.08276E-07  2.76073E-04  7.66627E+02
 6000000000  7.08347E-07  2.51889E-04  7.67415E+02
 7000000000  7.08410E-07  2.34455E-04  7.59010E+02
 8000000000  7.08356E-07  2.18005E-04  7.68137E+02
 9000000000  7.08288E-07  2.05474E-04  7.68608E+02
10000000000  7.08283E-07  1.94499E-04  7.71987E+02
tally   24    1    0
f        1
     55
d        1
u        0
s        0
m        0
c        0
e        0
t        0
vals
  2.47578E-06 0.0009
tfc   10       1       1       1       1       1       1       1       1
 1000000000  2.47209E-06  7.39383E-04  5.34841E+02
 2000000000  2.47354E-06  5.32941E-04  5.14357E+02
 3000000000  2.47310E-06  4.16468E-04  5.61314E+02
 4000000000  2.47369E-06  3.64912E-04  5.48394E+02
 5000000000  2.47739E-06  1.77751E-03  1.84931E+01
 6000000000  2.47766E-06  1.50388E-03  2.15287E+01
 7000000000  2.47738E-06  1.30706E-03  2.44219E+01
 8000000000  2.47666E-06  1.14888E-03  2.76581E+01
 9000000000  2.47598E-06  1.02540E-03  3.08625E+01
10000000000  2.47578E-06  9.25240E-04  3.41144E+01
tally   34    1    0
f        1
     54
d        1
u        0
s        0
m        0
c        0
e        0
t        0
vals
  4.39855E-07 0.0002
tfc   10       1       1       1       1       1       1       1       1
 1000000000  4.39752E-07  6.81986E-04  6.28656E+02
 2000000000  4.39716E-07  4.83583E-04  6.24715E+02
 3000000000  4.39768E-07  3.95952E-04  6.20989E+02
 4000000000  4.39937E-07  3.44820E-04  6.14162E+02
 5000000000  4.39916E-07  3.08579E-04  6.13619E+02
 6000000000  4.39954E-07  2.81285E-04  6.15397E+02
 7000000000  4.39966E-07  2.59632E-04  6.18943E+02
 8000000000  4.39954E-07  2.43424E-04  6.16089E+02
 9000000000  4.39855E-07  2.29359E-04  6.16857E+02
10000000000  4.39855E-07  2.17318E-04  6.18382E+02
tally   44    1    0
f        1
     53
d        1
u        0
s        0
m        0
c        0
e        0
t        0
vals
  1.44848E-05 0.0037
tfc   10       1       1       1       1       1       1       1       1
 1000000000  1.43819E-05  5.76736E-03  8.79043E+00
 2000000000  1.43857E-05  3.93625E-03  9.42882E+00
 3000000000  1.44797E-05  8.89966E-03  1.22920E+00
 4000000000  1.44715E-05  6.80741E-03  1.57581E+00
 5000000000  1.44977E-05  6.13996E-03  1.54989E+00
 6000000000  1.44996E-05  5.54210E-03  1.58526E+00
 7000000000  1.45069E-05  5.06643E-03  1.62541E+00
 8000000000  1.45006E-05  4.52881E-03  1.77993E+00
 9000000000  1.44823E-05  4.04648E-03  1.98182E+00
10000000000  1.44848E-05  3.73829E-03  2.08977E+00
tally   54    1    0
f        1
     52
d        1
u        0
s        0
m        0
c        0
e        0
t        0
vals
  2.52249E-07 0.0004
tfc   10       1       1       1       1       1       1       1       1
 1000000000  2.51748E-07  1.14212E-03  2.24153E+02
 2000000000  2.52144E-07  8.18642E-04  2.17989E+02
 3000000000  2.52069E-07  6.64554E-04  2.20449E+02
 4000000000  2.52102E-07  5.69708E-04  2.24990E+02
 5000000000  2.52090E-07  5.10954E-04  2.23805E+02
 6000000000  2.52237E-07  4.70562E-04  2.19894E+02
 7000000000  2.52309E-07  4.37228E-04  2.18249E+02
 8000000000  2.52293E-07  4.09931E-04  2.17245E+02
 9000000000  2.52282E-07  3.85158E-04  2.18745E+02
10000000000  2.52249E-07  3.65502E-04  2.18608E+02
tally   64    1    0
f        1
     51
d        1
u        0
s        0
m        0
c        0
e        0
t        0
vals
  1.33851E-07 0.0020
tfc   10       1       1       1       1       1       1       1       1
 1000000000  1.34151E-07  7.03433E-03  5.90906E+00
 2000000000  1.33946E-07  4.97762E-03  5.89630E+00
 3000000000  1.34006E-07  4.12687E-03  5.71646E+00
 4000000000  1.33896E-07  3.36420E-03  6.45213E+00
 5000000000  1.34195E-07  3.08276E-03  6.14828E+00
 6000000000  1.34152E-07  2.72329E-03  6.56540E+00
 7000000000  1.34138E-07  2.52178E-03  6.56076E+00
 8000000000  1.34025E-07  2.30653E-03  6.86203E+00
 9000000000  1.33790E-07  2.13691E-03  7.10629E+00
10000000000  1.33851E-07  1.99740E-03  7.32006E+00
