mcnp       5.mpi 03/02/18 14:22:53     2  1000000000   179841748912
                                                                                
ntal     4
   14   24   34   44
tally   14    2    0
f        1
      1
d        1
u        0
s        0
m        0
c        0
e        0
t        0
vals
  4.88545E-10 0.0192
tfc   10       1       1       1       1       1       1       1       1
  100000000  5.27033E-10  6.39750E-02  1.89313E+00
  200000000  4.85672E-10  3.73752E-02  2.77397E+00
  300000000  4.86473E-10  3.04716E-02  2.78201E+00
  400000000  4.84822E-10  2.53525E-02  3.01436E+00
  500000000  4.84673E-10  2.15236E-02  3.34542E+00
  600000000  4.85546E-10  1.93080E-02  3.46490E+00
  700000000  4.88133E-10  1.91605E-02  3.01635E+00
  800000000  4.85989E-10  1.80413E-02  2.97670E+00
  900000000  4.91646E-10  2.09182E-02  1.96830E+00
 1000000000  4.88545E-10  1.92015E-02  2.10264E+00
tally   24    2    0
f        1
      2
d        1
u        0
s        0
m        0
c        0
e        0
t        0
vals
  4.15847E-10 0.0263
tfc   10       1       1       1       1       1       1       1       1
  100000000  3.95838E-10  5.10162E-02  2.97704E+00
  200000000  4.05100E-10  5.51232E-02  1.27526E+00
  300000000  4.24903E-10  5.07383E-02  1.00341E+00
  400000000  4.12981E-10  4.08560E-02  1.16072E+00
  500000000  4.10098E-10  3.59701E-02  1.19783E+00
  600000000  4.14908E-10  3.43532E-02  1.09454E+00
  700000000  4.19658E-10  3.21797E-02  1.06938E+00
  800000000  4.14525E-10  2.95370E-02  1.11054E+00
  900000000  4.14170E-10  2.83088E-02  1.07473E+00
 1000000000  4.15847E-10  2.62842E-02  1.12213E+00
tally   34    2    0
f        1
      3
d        1
u        0
s        0
m        0
c        0
e        0
t        0
vals
  2.89579E-10 0.0364
tfc   10       1       1       1       1       1       1       1       1
  100000000  3.21016E-10  1.53512E-01  3.28791E-01
  200000000  2.78860E-10  9.20303E-02  4.57516E-01
  300000000  2.79983E-10  6.88439E-02  5.45028E-01
  400000000  2.78559E-10  6.20554E-02  5.03127E-01
  500000000  2.77268E-10  5.77670E-02  4.64428E-01
  600000000  2.79172E-10  4.95874E-02  5.25319E-01
  700000000  2.79763E-10  4.48540E-02  5.50418E-01
  800000000  2.76239E-10  4.07246E-02  5.84192E-01
  900000000  2.87347E-10  3.91987E-02  5.60530E-01
 1000000000  2.89579E-10  3.63949E-02  5.85267E-01
tally   44    2    0
f        1
      4
d        1
u        0
s        0
m        0
c        0
e        0
t        0
vals
  4.16181E-10 0.0452
tfc   10       1       1       1       1       1       1       1       1
  100000000  4.29899E-10  1.09908E-01  6.41417E-01
  200000000  4.16486E-10  6.71999E-02  8.58084E-01
  300000000  3.97440E-10  5.36242E-02  8.98314E-01
  400000000  3.99922E-10  4.59558E-02  9.17394E-01
  500000000  4.05440E-10  4.48316E-02  7.71098E-01
  600000000  4.03758E-10  4.10559E-02  7.66328E-01
  700000000  3.98476E-10  3.73692E-02  7.92988E-01
  800000000  3.95482E-10  3.45443E-02  8.11925E-01
  900000000  4.02038E-10  3.55405E-02  6.81857E-01
 1000000000  4.16181E-10  4.51863E-02  3.79682E-01
