mcnp       5.mpi 03/02/18 13:13:10     2  1000000000    14058620772
                                                                                
ntal     4
   14   24   34   44
tally   14    2    0
f        1
      1
d        1
u        0
s        0
m        0
c        0
e        0
t        0
vals
  5.04694E-10 0.0525
tfc   10       1       1       1       1       1       1       1       1
  100000000  5.09764E-10  1.92897E-01  1.22380E+00
  200000000  4.72162E-10  1.19209E-01  1.60210E+00
  300000000  5.32395E-10  9.85275E-02  1.56312E+00
  400000000  5.47231E-10  8.17047E-02  1.70442E+00
  500000000  5.09267E-10  7.30901E-02  1.70370E+00
  600000000  4.88839E-10  6.56210E-02  1.76130E+00
  700000000  4.78235E-10  5.99314E-02  1.81000E+00
  800000000  4.92857E-10  5.58586E-02  1.82277E+00
  900000000  5.02956E-10  5.54559E-02  1.64379E+00
 1000000000  5.04694E-10  5.24521E-02  1.65383E+00
tally   24    2    0
f        1
      2
d        1
u        0
s        0
m        0
c        0
e        0
t        0
vals
  4.56253E-10 0.0578
tfc   10       1       1       1       1       1       1       1       1
  100000000  4.66214E-10  1.28636E-01  2.75192E+00
  200000000  4.76044E-10  1.29865E-01  1.34997E+00
  300000000  4.33401E-10  1.01169E-01  1.48256E+00
  400000000  4.42355E-10  8.21318E-02  1.68674E+00
  500000000  4.72070E-10  9.33103E-02  1.04532E+00
  600000000  4.53092E-10  8.26909E-02  1.10918E+00
  700000000  4.45777E-10  7.44900E-02  1.17163E+00
  800000000  4.55803E-10  6.63929E-02  1.29023E+00
  900000000  4.60864E-10  6.09013E-02  1.36298E+00
 1000000000  4.56253E-10  5.78469E-02  1.35974E+00
tally   34    2    0
f        1
      3
d        1
u        0
s        0
m        0
c        0
e        0
t        0
vals
  3.77150E-10 0.1063
tfc   10       1       1       1       1       1       1       1       1
  100000000  4.40436E-10  3.42840E-01  3.87414E-01
  200000000  3.35770E-10  2.28646E-01  4.35492E-01
  300000000  3.72945E-10  1.62030E-01  5.77986E-01
  400000000  3.73162E-10  1.33604E-01  6.37429E-01
  500000000  3.80288E-10  1.15938E-01  6.77105E-01
  600000000  3.59075E-10  1.03504E-01  7.07948E-01
  700000000  4.09461E-10  1.37333E-01  3.44695E-01
  800000000  3.97937E-10  1.24779E-01  3.65282E-01
  900000000  3.87352E-10  1.14573E-01  3.85104E-01
 1000000000  3.77150E-10  1.06276E-01  4.02851E-01
tally   44    2    0
f        1
      4
d        1
u        0
s        0
m        0
c        0
e        0
t        0
vals
  4.22745E-10 0.0866
tfc   10       1       1       1       1       1       1       1       1
  100000000  3.87812E-10  2.28491E-01  8.72207E-01
  200000000  4.14129E-10  1.40194E-01  1.15838E+00
  300000000  3.83092E-10  1.17449E-01  1.10004E+00
  400000000  3.84837E-10  9.60270E-02  1.23391E+00
  500000000  3.72993E-10  8.70812E-02  1.20022E+00
  600000000  3.54723E-10  7.80172E-02  1.24606E+00
  700000000  3.70589E-10  7.95429E-02  1.02750E+00
  800000000  4.24675E-10  9.61108E-02  6.15696E-01
  900000000  4.30888E-10  9.29811E-02  5.84727E-01
 1000000000  4.22745E-10  8.66456E-02  6.06071E-01
