mcnp       5.mpi 03/01/18 02:01:52    11 10000000000  6979952964071
 dlvn                                                                           
ntal     6
   14   24   34   44   54   64
tally   14    1    0
f        1
     56
d        1
u        0
s        0
m        0
c        0
e        0
t        0
vals
  7.08127E-07 0.0002
tfc   10       1       1       1       1       1       1       1       1
 1000000000  7.08195E-07  5.96783E-04  8.23659E+02
 2000000000  7.07976E-07  4.11406E-04  8.66588E+02
 3000000000  7.08136E-07  3.35108E-04  8.70493E+02
 4000000000  7.08230E-07  2.89853E-04  8.72697E+02
 5000000000  7.08116E-07  2.59946E-04  8.68142E+02
 6000000000  7.08152E-07  2.36789E-04  8.71837E+02
 7000000000  7.08179E-07  2.19180E-04  8.72133E+02
 8000000000  7.08104E-07  2.05005E-04  8.72365E+02
 9000000000  7.08088E-07  1.93357E-04  8.71736E+02
10000000000  7.08127E-07  1.83458E-04  8.71545E+02
tally   24    1    0
f        1
     55
d        1
u        0
s        0
m        0
c        0
e        0
t        0
vals
  2.47380E-06 0.0003
tfc   10       1       1       1       1       1       1       1       1
 1000000000  2.47222E-06  7.81763E-04  4.79987E+02
 2000000000  2.47233E-06  5.66595E-04  4.56887E+02
 3000000000  2.47477E-06  7.52361E-04  1.72696E+02
 4000000000  2.47437E-06  5.93934E-04  2.07846E+02
 5000000000  2.47370E-06  4.96148E-04  2.38305E+02
 6000000000  2.47417E-06  4.60651E-04  2.30365E+02
 7000000000  2.47398E-06  4.06119E-04  2.54026E+02
 8000000000  2.47385E-06  3.67359E-04  2.71673E+02
 9000000000  2.47374E-06  3.35654E-04  2.89284E+02
10000000000  2.47380E-06  3.10588E-04  3.04086E+02
tally   34    1    0
f        1
     54
d        1
u        0
s        0
m        0
c        0
e        0
t        0
vals
  4.39921E-07 0.0002
tfc   10       1       1       1       1       1       1       1       1
 1000000000  4.39682E-07  6.91519E-04  6.13439E+02
 2000000000  4.39718E-07  4.86312E-04  6.20189E+02
 3000000000  4.39792E-07  3.97288E-04  6.19331E+02
 4000000000  4.40015E-07  3.45423E-04  6.14492E+02
 5000000000  4.39974E-07  3.09727E-04  6.11506E+02
 6000000000  4.39942E-07  2.82316E-04  6.13324E+02
 7000000000  4.39939E-07  2.60547E-04  6.17180E+02
 8000000000  4.39976E-07  2.44511E-04  6.13243E+02
 9000000000  4.39930E-07  2.30620E-04  6.12790E+02
10000000000  4.39921E-07  2.18511E-04  6.14352E+02
tally   44    1    0
f        1
     53
d        1
u        0
s        0
m        0
c        0
e        0
t        0
vals
  1.43584E-05 0.0014
tfc   10       1       1       1       1       1       1       1       1
 1000000000  1.43365E-05  4.99728E-03  1.17466E+01
 2000000000  1.43429E-05  2.95052E-03  1.68484E+01
 3000000000  1.43381E-05  2.22316E-03  1.97785E+01
 4000000000  1.43490E-05  1.90981E-03  2.01020E+01
 5000000000  1.43427E-05  1.64556E-03  2.16637E+01
 6000000000  1.43333E-05  1.42813E-03  2.39677E+01
 7000000000  1.43291E-05  1.29394E-03  2.50242E+01
 8000000000  1.43512E-05  1.49999E-03  1.62948E+01
 9000000000  1.43428E-05  1.35021E-03  1.78774E+01
10000000000  1.43584E-05  1.41126E-03  1.47283E+01
tally   54    1    0
f        1
     52
d        1
u        0
s        0
m        0
c        0
e        0
t        0
vals
  2.52276E-07 0.0004
tfc   10       1       1       1       1       1       1       1       1
 1000000000  2.51822E-07  1.17063E-03  2.14062E+02
 2000000000  2.52073E-07  8.26223E-04  2.14862E+02
 3000000000  2.52257E-07  7.02002E-04  1.98361E+02
 4000000000  2.52275E-07  5.96928E-04  2.05766E+02
 5000000000  2.52249E-07  5.31070E-04  2.07996E+02
 6000000000  2.52255E-07  4.84576E-04  2.08179E+02
 7000000000  2.52288E-07  4.48025E-04  2.08728E+02
 8000000000  2.52286E-07  4.18035E-04  2.09799E+02
 9000000000  2.52278E-07  3.93176E-04  2.10830E+02
10000000000  2.52276E-07  3.71634E-04  2.12390E+02
tally   64    1    0
f        1
     51
d        1
u        0
s        0
m        0
c        0
e        0
t        0
vals
  1.33621E-07 0.0018
tfc   10       1       1       1       1       1       1       1       1
 1000000000  1.34789E-07  6.96675E-03  6.04393E+00
 2000000000  1.34267E-07  4.76034E-03  6.47260E+00
 3000000000  1.34136E-07  3.67693E-03  7.23040E+00
 4000000000  1.34043E-07  3.09144E-03  7.67178E+00
 5000000000  1.33899E-07  2.67863E-03  8.17584E+00
 6000000000  1.33914E-07  2.42903E-03  8.28505E+00
 7000000000  1.33670E-07  2.21574E-03  8.53391E+00
 8000000000  1.33695E-07  2.07295E-03  8.53197E+00
 9000000000  1.33615E-07  1.95021E-03  8.56924E+00
10000000000  1.33621E-07  1.84592E-03  8.60875E+00
