mcnp       5.mpi 02/25/18 14:08:39     3  1000000000   409738940097
 steel-plate                                                                    
ntal     1
    4
tally    4    1    0
f        1
     42
d        1
u        0
s        0
m        0
c        0
e        0
t        0
vals
  2.93198E-12 0.3165
tfc   10       1       1       1       1       1       1       1       1
  100000000  1.60794E-12  1.33372E-02  3.93062E+01
  200000000  1.64933E-12  2.52060E-02  5.44478E+00
  300000000  4.58939E-12  6.39370E-01  4.68288E-03
  400000000  3.96673E-12  5.55694E-01  4.82660E-03
  500000000  3.51382E-12  5.01875E-01  4.85801E-03
  600000000  3.71980E-12  4.15569E-01  5.79009E-03
  700000000  3.42079E-12  3.87339E-01  5.77915E-03
  800000000  3.19195E-12  3.63220E-01  5.85042E-03
  900000000  3.06519E-12  3.36374E-01  6.06233E-03
 1000000000  2.93198E-12  3.16519E-01  6.23423E-03
