mcnp       5.mpi 03/02/18 12:58:02     3  1000000000   204384176817
                                                                                
ntal     4
   14   24   34   44
tally   14    2    0
f        1
      1
d        1
u        0
s        0
m        0
c        0
e        0
t        0
vals
  5.31520E-10 0.0027
tfc   10       1       1       1       1       1       1       1       1
  100000000  5.25689E-10  8.61589E-03  1.00387E+02
  200000000  5.28801E-10  6.06777E-03  1.01244E+02
  300000000  5.29198E-10  4.92411E-03  1.02525E+02
  400000000  5.30904E-10  4.24536E-03  1.03464E+02
  500000000  5.32250E-10  3.78547E-03  1.04111E+02
  600000000  5.31819E-10  3.44918E-03  1.04513E+02
  700000000  5.31377E-10  3.19300E-03  1.04544E+02
  800000000  5.31064E-10  2.99410E-03  1.04038E+02
  900000000  5.31711E-10  2.83359E-03  1.03254E+02
 1000000000  5.31520E-10  2.68360E-03  1.03611E+02
tally   24    2    0
f        1
      2
d        1
u        0
s        0
m        0
c        0
e        0
t        0
vals
  4.33642E-10 0.0024
tfc   10       1       1       1       1       1       1       1       1
  100000000  4.31736E-10  8.27414E-03  1.08851E+02
  200000000  4.29957E-10  5.61802E-03  1.18103E+02
  300000000  4.32161E-10  4.47840E-03  1.23948E+02
  400000000  4.32766E-10  3.82729E-03  1.27301E+02
  500000000  4.32974E-10  3.39058E-03  1.29775E+02
  600000000  4.32573E-10  3.08433E-03  1.30702E+02
  700000000  4.33025E-10  2.84421E-03  1.31756E+02
  800000000  4.32915E-10  2.66346E-03  1.31471E+02
  900000000  4.33030E-10  2.50750E-03  1.31857E+02
 1000000000  4.33642E-10  2.37313E-03  1.32494E+02
tally   34    2    0
f        1
      3
d        1
u        0
s        0
m        0
c        0
e        0
t        0
vals
  3.39663E-10 0.0024
tfc   10       1       1       1       1       1       1       1       1
  100000000  3.34284E-10  7.35236E-03  1.37856E+02
  200000000  3.38786E-10  5.22582E-03  1.36495E+02
  300000000  3.38965E-10  4.26445E-03  1.36697E+02
  400000000  3.39553E-10  3.68275E-03  1.37490E+02
  500000000  3.40107E-10  3.33392E-03  1.34223E+02
  600000000  3.39366E-10  3.04383E-03  1.34203E+02
  700000000  3.39687E-10  2.82038E-03  1.33993E+02
  800000000  3.39749E-10  2.63791E-03  1.34030E+02
  900000000  3.39387E-10  2.48568E-03  1.34182E+02
 1000000000  3.39663E-10  2.36915E-03  1.32939E+02
tally   44    2    0
f        1
      4
d        1
u        0
s        0
m        0
c        0
e        0
t        0
vals
  4.42975E-10 0.0032
tfc   10       1       1       1       1       1       1       1       1
  100000000  4.44238E-10  9.95810E-03  7.51492E+01
  200000000  4.44943E-10  7.09549E-03  7.40393E+01
  300000000  4.43527E-10  5.79124E-03  7.41210E+01
  400000000  4.42566E-10  5.03080E-03  7.36786E+01
  500000000  4.43217E-10  4.52278E-03  7.29333E+01
  600000000  4.44120E-10  4.12838E-03  7.29533E+01
  700000000  4.43235E-10  3.82479E-03  7.28588E+01
  800000000  4.43349E-10  3.57896E-03  7.28133E+01
  900000000  4.43783E-10  3.37257E-03  7.28892E+01
 1000000000  4.42975E-10  3.19495E-03  7.30992E+01
