mcnp       5.mpi 03/05/18 09:47:23     3  1000000000   239247064776
                                                                                
ntal     4
   14   24   34   44
tally   14    2    0
f        1
      1
d        1
u        0
s        0
m        0
c        0
e        0
t        0
vals
  5.31732E-10 0.0075
tfc   10       1       1       1       1       1       1       1       1
  100000000  5.14431E-10  2.26518E-02  1.44646E+01
  200000000  5.30366E-10  1.60869E-02  1.43409E+01
  300000000  5.27598E-10  1.32951E-02  1.40026E+01
  400000000  5.32292E-10  1.15569E-02  1.39003E+01
  500000000  5.31553E-10  1.03497E-02  1.38703E+01
  600000000  5.30233E-10  9.47259E-03  1.37994E+01
  700000000  5.31864E-10  8.77369E-03  1.37881E+01
  800000000  5.33669E-10  8.30604E-03  1.34619E+01
  900000000  5.33018E-10  7.93471E-03  1.31105E+01
 1000000000  5.31732E-10  7.51678E-03  1.31467E+01
tally   24    2    0
f        1
      2
d        1
u        0
s        0
m        0
c        0
e        0
t        0
vals
  4.28505E-10 0.0123
tfc   10       1       1       1       1       1       1       1       1
  100000000  4.12986E-10  3.82693E-02  5.06773E+00
  200000000  4.06810E-10  2.62930E-02  5.36841E+00
  300000000  4.17874E-10  2.17666E-02  5.22406E+00
  400000000  4.19432E-10  1.86595E-02  5.33224E+00
  500000000  4.22636E-10  1.67711E-02  5.28227E+00
  600000000  4.22955E-10  1.55472E-02  5.12261E+00
  700000000  4.27202E-10  1.47881E-02  4.85336E+00
  800000000  4.29097E-10  1.39386E-02  4.78028E+00
  900000000  4.29059E-10  1.30298E-02  4.86190E+00
 1000000000  4.28505E-10  1.23406E-02  4.87764E+00
tally   34    2    0
f        1
      3
d        1
u        0
s        0
m        0
c        0
e        0
t        0
vals
  3.32823E-10 0.0180
tfc   10       1       1       1       1       1       1       1       1
  100000000  3.29207E-10  5.31387E-02  2.62840E+00
  200000000  3.43127E-10  4.04942E-02  2.26329E+00
  300000000  3.28598E-10  3.12915E-02  2.52777E+00
  400000000  3.29991E-10  2.80820E-02  2.35425E+00
  500000000  3.21736E-10  2.41554E-02  2.54634E+00
  600000000  3.20674E-10  2.16367E-02  2.64493E+00
  700000000  3.24565E-10  2.02166E-02  2.59688E+00
  800000000  3.26975E-10  1.90543E-02  2.55804E+00
  900000000  3.28943E-10  1.77914E-02  2.60771E+00
 1000000000  3.32823E-10  1.79959E-02  2.29369E+00
tally   44    2    0
f        1
      4
d        1
u        0
s        0
m        0
c        0
e        0
t        0
vals
  4.32033E-10 0.0251
tfc   10       1       1       1       1       1       1       1       1
  100000000  4.25433E-10  6.88726E-02  1.56466E+00
  200000000  4.18251E-10  4.58173E-02  1.76793E+00
  300000000  4.34506E-10  4.72164E-02  1.11021E+00
  400000000  4.24564E-10  3.87369E-02  1.23725E+00
  500000000  4.30520E-10  3.50301E-02  1.21078E+00
  600000000  4.34609E-10  3.12340E-02  1.26924E+00
  700000000  4.36409E-10  3.01363E-02  1.16866E+00
  800000000  4.28135E-10  2.76715E-02  1.21291E+00
  900000000  4.36244E-10  2.68792E-02  1.14248E+00
 1000000000  4.32033E-10  2.51003E-02  1.17902E+00
