mcnp       5.mpi 02/26/18 03:12:37    11 10000000000  4128568085430
 dlvn                                                                           
ntal     6
   14   24   34   44   54   64
tally   14    1    0
f        1
     56
d        1
u        0
s        0
m        0
c        0
e        0
t        0
vals
  6.97982E-07 0.0236
tfc   10       1       1       1       1       1       1       1       1
 1000000000  7.17337E-07  7.75866E-02  1.10516E-01
 2000000000  7.67906E-07  8.95810E-02  4.14707E-02
 3000000000  7.39770E-07  6.39668E-02  5.42202E-02
 4000000000  7.43211E-07  5.05384E-02  6.51087E-02
 5000000000  7.34022E-07  4.18525E-02  7.59166E-02
 6000000000  7.17040E-07  3.58862E-02  8.60197E-02
 7000000000  7.17038E-07  3.15465E-02  9.54026E-02
 8000000000  7.07494E-07  2.81580E-02  1.04779E-01
 9000000000  7.00348E-07  2.54730E-02  1.13821E-01
10000000000  6.97982E-07  2.35796E-02  1.19563E-01
tally   24    1    0
f        1
     55
d        1
u        0
s        0
m        0
c        0
e        0
t        0
vals
  1.87118E-06 0.0240
tfc   10       1       1       1       1       1       1       1       1
 1000000000  1.70092E-06  6.19403E-02  1.73401E-01
 2000000000  1.78880E-06  4.30626E-02  1.79462E-01
 3000000000  1.85807E-06  4.27189E-02  1.21571E-01
 4000000000  1.89389E-06  3.98180E-02  1.04887E-01
 5000000000  1.86090E-06  3.35549E-02  1.18105E-01
 6000000000  1.84966E-06  2.99173E-02  1.23768E-01
 7000000000  1.87795E-06  2.80419E-02  1.20739E-01
 8000000000  1.88813E-06  2.71987E-02  1.12300E-01
 9000000000  1.86400E-06  2.50800E-02  1.17416E-01
10000000000  1.87118E-06  2.39527E-02  1.15867E-01
tally   34    1    0
f        1
     54
d        1
u        0
s        0
m        0
c        0
e        0
t        0
vals
  4.43302E-07 0.0351
tfc   10       1       1       1       1       1       1       1       1
 1000000000  4.04581E-07  3.74172E-02  4.75178E-01
 2000000000  4.10163E-07  2.36524E-02  5.94868E-01
 3000000000  4.15417E-07  2.25455E-02  4.36467E-01
 4000000000  4.55413E-07  5.55244E-02  5.39404E-02
 5000000000  4.70580E-07  6.47498E-02  3.17178E-02
 6000000000  4.58838E-07  5.54394E-02  3.60425E-02
 7000000000  4.53628E-07  4.83747E-02  4.05720E-02
 8000000000  4.47607E-07  4.29944E-02  4.49423E-02
 9000000000  4.44061E-07  3.86467E-02  4.94489E-02
10000000000  4.43302E-07  3.50543E-02  5.40986E-02
tally   44    1    0
f        1
     53
d        1
u        0
s        0
m        0
c        0
e        0
t        0
vals
  1.63020E-05 0.2293
tfc   10       1       1       1       1       1       1       1       1
 1000000000  1.10952E-05  4.20043E-02  3.77060E-01
 2000000000  1.10068E-05  3.73213E-02  2.38923E-01
 3000000000  1.17529E-05  4.67226E-02  1.01629E-01
 4000000000  1.37510E-05  1.19769E-01  1.15929E-02
 5000000000  1.32295E-05  1.00067E-01  1.32801E-02
 6000000000  1.28907E-05  8.60984E-02  1.49438E-02
 7000000000  1.32207E-05  8.51294E-02  1.31010E-02
 8000000000  1.30048E-05  7.59634E-02  1.43969E-02
 9000000000  1.28128E-05  6.87137E-02  1.56421E-02
10000000000  1.63020E-05  2.29302E-01  1.26431E-03
tally   54    1    0
f        1
     52
d        1
u        0
s        0
m        0
c        0
e        0
t        0
vals
  2.42418E-07 0.0150
tfc   10       1       1       1       1       1       1       1       1
 1000000000  2.36655E-07  6.33625E-02  1.65704E-01
 2000000000  2.38754E-07  4.01005E-02  2.06954E-01
 3000000000  2.40672E-07  3.02505E-02  2.42440E-01
 4000000000  2.50041E-07  2.73951E-02  2.21582E-01
 5000000000  2.47469E-07  2.31506E-02  2.48115E-01
 6000000000  2.45708E-07  2.02966E-02  2.68909E-01
 7000000000  2.43797E-07  1.78915E-02  2.96599E-01
 8000000000  2.42889E-07  1.61599E-02  3.18127E-01
 9000000000  2.42091E-07  1.48149E-02  3.36498E-01
10000000000  2.42418E-07  1.49859E-02  2.96008E-01
tally   64    1    0
f        1
     51
d        1
u        0
s        0
m        0
c        0
e        0
t        0
vals
  1.32161E-07 0.0419
tfc   10       1       1       1       1       1       1       1       1
 1000000000  1.20655E-07  3.53687E-02  5.31814E-01
 2000000000  1.22853E-07  3.55850E-02  2.62808E-01
 3000000000  1.31325E-07  6.27158E-02  5.64049E-02
 4000000000  1.43476E-07  8.36590E-02  2.37605E-02
 5000000000  1.41047E-07  7.11871E-02  2.62408E-02
 6000000000  1.37617E-07  6.15233E-02  2.92666E-02
 7000000000  1.36347E-07  5.53557E-02  3.09841E-02
 8000000000  1.35460E-07  5.05990E-02  3.24485E-02
 9000000000  1.33780E-07  4.58552E-02  3.51241E-02
10000000000  1.32161E-07  4.19469E-02  3.77806E-02
