mcnp       5.mpi 03/02/18 11:44:20     3  1000000000   211217993111
                                                                                
ntal     4
   14   24   34   44
tally   14    2    0
f        1
      1
d        1
u        0
s        0
m        0
c        0
e        0
t        0
vals
  5.31610E-10 0.0046
tfc   10       1       1       1       1       1       1       1       1
  100000000  5.36732E-10  1.43769E-02  3.61170E+01
  200000000  5.38213E-10  1.05127E-02  3.37881E+01
  300000000  5.30663E-10  8.36871E-03  3.55553E+01
  400000000  5.30496E-10  7.20703E-03  3.59623E+01
  500000000  5.29038E-10  6.42655E-03  3.61832E+01
  600000000  5.28352E-10  5.83422E-03  3.65878E+01
  700000000  5.30095E-10  5.42499E-03  3.62736E+01
  800000000  5.30620E-10  5.09607E-03  3.59695E+01
  900000000  5.31895E-10  4.86793E-03  3.50361E+01
 1000000000  5.31610E-10  4.62006E-03  3.49943E+01
tally   24    2    0
f        1
      2
d        1
u        0
s        0
m        0
c        0
e        0
t        0
vals
  4.32931E-10 0.0035
tfc   10       1       1       1       1       1       1       1       1
  100000000  4.32148E-10  1.09620E-02  6.21239E+01
  200000000  4.32566E-10  7.92703E-03  5.94249E+01
  300000000  4.32094E-10  6.41066E-03  6.05923E+01
  400000000  4.34777E-10  5.69964E-03  5.74997E+01
  500000000  4.35272E-10  5.03295E-03  5.89954E+01
  600000000  4.33598E-10  4.57451E-03  5.95133E+01
  700000000  4.34068E-10  4.24865E-03  5.91406E+01
  800000000  4.32956E-10  3.95163E-03  5.98209E+01
  900000000  4.33395E-10  3.72558E-03  5.98159E+01
 1000000000  4.32931E-10  3.53338E-03  5.98289E+01
tally   34    2    0
f        1
      3
d        1
u        0
s        0
m        0
c        0
e        0
t        0
vals
  3.39975E-10 0.0032
tfc   10       1       1       1       1       1       1       1       1
  100000000  3.46344E-10  1.04219E-02  6.87295E+01
  200000000  3.42566E-10  7.37649E-03  6.86262E+01
  300000000  3.43044E-10  6.06434E-03  6.77104E+01
  400000000  3.42421E-10  5.21654E-03  6.86428E+01
  500000000  3.40698E-10  4.62933E-03  6.97310E+01
  600000000  3.40280E-10  4.20561E-03  7.04115E+01
  700000000  3.39772E-10  3.89103E-03  7.05114E+01
  800000000  3.39376E-10  3.64308E-03  7.03829E+01
  900000000  3.39959E-10  3.42875E-03  7.06209E+01
 1000000000  3.39975E-10  3.24670E-03  7.08610E+01
tally   44    2    0
f        1
      4
d        1
u        0
s        0
m        0
c        0
e        0
t        0
vals
  4.40333E-10 0.0041
tfc   10       1       1       1       1       1       1       1       1
  100000000  4.32786E-10  1.23739E-02  4.87556E+01
  200000000  4.37343E-10  9.00815E-03  4.60170E+01
  300000000  4.36742E-10  7.35305E-03  4.60562E+01
  400000000  4.36556E-10  6.38310E-03  4.58456E+01
  500000000  4.37992E-10  5.73203E-03  4.54827E+01
  600000000  4.39560E-10  5.27656E-03  4.47301E+01
  700000000  4.40566E-10  4.88325E-03  4.47683E+01
  800000000  4.40349E-10  4.57568E-03  4.46164E+01
  900000000  4.41401E-10  4.31292E-03  4.46336E+01
 1000000000  4.40333E-10  4.08588E-03  4.47425E+01
