mcnp       5.mpi 02/28/18 21:54:19    11 10000000000  6850327156059
 dlvn                                                                           
ntal     6
   14   24   34   44   54   64
tally   14    1    0
f        1
     56
d        1
u        0
s        0
m        0
c        0
e        0
t        0
vals
  7.08295E-07 0.0002
tfc   10       1       1       1       1       1       1       1       1
 1000000000  7.08205E-07  6.42791E-04  7.21290E+02
 2000000000  7.08246E-07  4.53849E-04  7.23529E+02
 3000000000  7.08149E-07  3.65170E-04  7.45079E+02
 4000000000  7.08168E-07  3.13945E-04  7.56106E+02
 5000000000  7.08116E-07  2.81982E-04  7.49863E+02
 6000000000  7.08288E-07  2.59478E-04  7.37937E+02
 7000000000  7.08198E-07  2.40540E-04  7.36063E+02
 8000000000  7.08263E-07  2.26845E-04  7.24136E+02
 9000000000  7.08263E-07  2.13054E-04  7.29697E+02
10000000000  7.08295E-07  2.01369E-04  7.35105E+02
tally   24    1    0
f        1
     55
d        1
u        0
s        0
m        0
c        0
e        0
t        0
vals
  2.47526E-06 0.0005
tfc   10       1       1       1       1       1       1       1       1
 1000000000  2.47130E-06  8.61013E-04  4.02003E+02
 2000000000  2.47806E-06  1.77527E-03  4.72877E+01
 3000000000  2.47766E-06  1.29588E-03  5.91653E+01
 4000000000  2.47636E-06  9.87730E-04  7.63859E+01
 5000000000  2.47578E-06  8.12251E-04  9.03743E+01
 6000000000  2.47549E-06  6.84860E-04  1.05930E+02
 7000000000  2.47547E-06  5.94499E-04  1.20500E+02
 8000000000  2.47510E-06  5.27140E-04  1.34100E+02
 9000000000  2.47560E-06  5.63954E-04  1.04145E+02
10000000000  2.47526E-06  5.13121E-04  1.13213E+02
tally   34    1    0
f        1
     54
d        1
u        0
s        0
m        0
c        0
e        0
t        0
vals
  4.39741E-07 0.0002
tfc   10       1       1       1       1       1       1       1       1
 1000000000  4.39655E-07  6.83963E-04  6.37065E+02
 2000000000  4.39779E-07  4.86913E-04  6.28602E+02
 3000000000  4.39811E-07  3.95554E-04  6.35013E+02
 4000000000  4.39811E-07  3.43411E-04  6.31919E+02
 5000000000  4.39811E-07  3.09742E-04  6.21478E+02
 6000000000  4.39814E-07  2.82221E-04  6.23796E+02
 7000000000  4.39806E-07  2.60744E-04  6.26412E+02
 8000000000  4.39797E-07  2.44936E-04  6.21119E+02
 9000000000  4.39790E-07  2.30862E-04  6.21470E+02
10000000000  4.39741E-07  2.18468E-04  6.24537E+02
tally   44    1    0
f        1
     53
d        1
u        0
s        0
m        0
c        0
e        0
t        0
vals
  1.43551E-05 0.0016
tfc   10       1       1       1       1       1       1       1       1
 1000000000  1.43760E-05  2.87048E-03  3.61693E+01
 2000000000  1.44269E-05  4.68242E-03  6.79734E+00
 3000000000  1.43894E-05  3.32977E-03  8.96119E+00
 4000000000  1.43635E-05  2.54253E-03  1.15281E+01
 5000000000  1.43474E-05  2.06465E-03  1.39872E+01
 6000000000  1.43414E-05  1.81140E-03  1.51424E+01
 7000000000  1.43384E-05  1.59167E-03  1.68106E+01
 8000000000  1.43590E-05  1.92794E-03  1.00252E+01
 9000000000  1.43589E-05  1.77101E-03  1.05604E+01
10000000000  1.43551E-05  1.62043E-03  1.13520E+01
tally   54    1    0
f        1
     52
d        1
u        0
s        0
m        0
c        0
e        0
t        0
vals
  2.52126E-07 0.0004
tfc   10       1       1       1       1       1       1       1       1
 1000000000  2.51982E-07  1.16042E-03  2.21321E+02
 2000000000  2.52079E-07  8.16346E-04  2.23630E+02
 3000000000  2.52034E-07  6.64951E-04  2.24706E+02
 4000000000  2.52089E-07  5.85268E-04  2.17560E+02
 5000000000  2.52024E-07  5.19889E-04  2.20599E+02
 6000000000  2.52042E-07  4.72051E-04  2.22969E+02
 7000000000  2.52062E-07  4.40318E-04  2.19663E+02
 8000000000  2.52140E-07  4.19408E-04  2.11839E+02
 9000000000  2.52159E-07  3.95872E-04  2.11356E+02
10000000000  2.52126E-07  3.73426E-04  2.13760E+02
tally   64    1    0
f        1
     51
d        1
u        0
s        0
m        0
c        0
e        0
t        0
vals
  1.33459E-07 0.0020
tfc   10       1       1       1       1       1       1       1       1
 1000000000  1.32810E-07  7.09058E-03  5.92770E+00
 2000000000  1.33695E-07  4.92927E-03  6.13357E+00
 3000000000  1.33271E-07  3.74694E-03  7.07686E+00
 4000000000  1.33304E-07  3.16304E-03  7.44870E+00
 5000000000  1.33350E-07  2.77321E-03  7.75281E+00
 6000000000  1.33364E-07  2.54257E-03  7.68554E+00
 7000000000  1.33487E-07  2.36768E-03  7.59702E+00
 8000000000  1.33579E-07  2.24094E-03  7.42028E+00
 9000000000  1.33535E-07  2.08083E-03  7.64983E+00
10000000000  1.33459E-07  1.96428E-03  7.72552E+00
