mcnp       5.mpi 02/25/18 22:10:56     3  1000000000   373291010351
 steel-plate                                                                    
ntal     1
    4
tally    4    1    0
f        1
     42
d        1
u        0
s        0
m        0
c        0
e        0
t        0
vals
  2.10495E-12 0.1272
tfc   10       1       1       1       1       1       1       1       1
  100000000  1.62497E-12  1.72248E-02  2.44469E+01
  200000000  1.92184E-12  1.38403E-01  1.71333E-01
  300000000  1.82952E-12  9.71671E-02  2.37923E-01
  400000000  1.81421E-12  7.46697E-02  3.03024E-01
  500000000  1.78546E-12  6.08879E-02  3.67140E-01
  600000000  1.78558E-12  5.17281E-02  4.22761E-01
  700000000  2.10086E-12  1.65961E-01  3.51058E-02
  800000000  2.04676E-12  1.49094E-01  3.82746E-02
  900000000  2.14043E-12  1.38948E-01  3.80422E-02
 1000000000  2.10495E-12  1.27232E-01  4.10029E-02
