mcnp       5.mpi 02/26/18 09:22:47    11 10000000000  7068181687442
 dlvn                                                                           
ntal     6
   14   24   34   44   54   64
tally   14    1    0
f        1
     56
d        1
u        0
s        0
m        0
c        0
e        0
t        0
vals
  7.08243E-07 0.0002
tfc   10       1       1       1       1       1       1       1       1
 1000000000  7.08348E-07  5.77591E-04  8.69312E+02
 2000000000  7.08442E-07  4.05746E-04  8.79930E+02
 3000000000  7.08352E-07  3.29870E-04  8.87378E+02
 4000000000  7.08466E-07  2.87817E-04  8.74148E+02
 5000000000  7.08222E-07  2.57236E-04  8.75534E+02
 6000000000  7.08310E-07  2.34631E-04  8.76957E+02
 7000000000  7.08371E-07  2.17568E-04  8.74130E+02
 8000000000  7.08296E-07  2.02899E-04  8.79508E+02
 9000000000  7.08199E-07  1.91181E-04  8.80685E+02
10000000000  7.08243E-07  1.81491E-04  8.79588E+02
tally   24    1    0
f        1
     55
d        1
u        0
s        0
m        0
c        0
e        0
t        0
vals
  2.47492E-06 0.0006
tfc   10       1       1       1       1       1       1       1       1
 1000000000  2.47728E-06  1.56382E-03  1.18589E+02
 2000000000  2.47611E-06  1.18046E-03  1.03958E+02
 3000000000  2.47634E-06  8.36196E-04  1.38095E+02
 4000000000  2.47591E-06  6.63700E-04  1.64390E+02
 5000000000  2.47480E-06  5.93097E-04  1.64697E+02
 6000000000  2.47431E-06  5.15668E-04  1.81555E+02
 7000000000  2.47415E-06  4.54883E-04  1.99971E+02
 8000000000  2.47540E-06  7.37487E-04  6.65723E+01
 9000000000  2.47539E-06  6.66890E-04  7.23772E+01
10000000000  2.47492E-06  6.05530E-04  7.90163E+01
tally   34    1    0
f        1
     54
d        1
u        0
s        0
m        0
c        0
e        0
t        0
vals
  4.39878E-07 0.0002
tfc   10       1       1       1       1       1       1       1       1
 1000000000  4.39974E-07  7.50408E-04  5.15017E+02
 2000000000  4.39937E-07  5.07340E-04  5.62806E+02
 3000000000  4.40073E-07  4.07956E-04  5.80186E+02
 4000000000  4.40222E-07  3.52571E-04  5.82540E+02
 5000000000  4.40138E-07  3.13972E-04  5.87702E+02
 6000000000  4.40010E-07  2.84751E-04  5.95412E+02
 7000000000  4.39924E-07  2.61584E-04  6.04704E+02
 8000000000  4.39945E-07  2.44977E-04  6.03325E+02
 9000000000  4.39850E-07  2.30421E-04  6.06271E+02
10000000000  4.39878E-07  2.18650E-04  6.06020E+02
tally   44    1    0
f        1
     53
d        1
u        0
s        0
m        0
c        0
e        0
t        0
vals
  1.44098E-05 0.0046
tfc   10       1       1       1       1       1       1       1       1
 1000000000  1.44926E-05  6.95170E-03  6.00115E+00
 2000000000  1.43828E-05  3.61256E-03  1.11001E+01
 3000000000  1.43835E-05  3.14813E-03  9.74290E+00
 4000000000  1.43837E-05  2.55023E-03  1.11342E+01
 5000000000  1.45004E-05  9.04777E-03  7.07709E-01
 6000000000  1.44656E-05  7.56586E-03  8.43398E-01
 7000000000  1.44504E-05  6.50924E-03  9.76576E-01
 8000000000  1.44307E-05  5.70904E-03  1.11090E+00
 9000000000  1.44195E-05  5.10329E-03  1.23597E+00
10000000000  1.44098E-05  4.60811E-03  1.36440E+00
tally   54    1    0
f        1
     52
d        1
u        0
s        0
m        0
c        0
e        0
t        0
vals
  2.52199E-07 0.0004
tfc   10       1       1       1       1       1       1       1       1
 1000000000  2.52317E-07  1.25399E-03  1.84430E+02
 2000000000  2.52380E-07  8.76332E-04  1.88634E+02
 3000000000  2.52354E-07  7.08967E-04  1.92106E+02
 4000000000  2.52299E-07  6.05137E-04  1.97747E+02
 5000000000  2.52279E-07  5.38071E-04  2.00105E+02
 6000000000  2.52254E-07  4.88923E-04  2.01961E+02
 7000000000  2.52256E-07  4.55706E-04  1.99249E+02
 8000000000  2.52210E-07  4.23544E-04  2.01838E+02
 9000000000  2.52244E-07  3.97833E-04  2.03380E+02
10000000000  2.52199E-07  3.75721E-04  2.05237E+02
tally   64    1    0
f        1
     51
d        1
u        0
s        0
m        0
c        0
e        0
t        0
vals
  1.33294E-07 0.0018
tfc   10       1       1       1       1       1       1       1       1
 1000000000  1.33080E-07  6.02827E-03  7.98051E+00
 2000000000  1.34037E-07  4.34207E-03  7.68359E+00
 3000000000  1.33906E-07  3.44785E-03  8.12265E+00
 4000000000  1.33701E-07  2.97224E-03  8.19690E+00
 5000000000  1.33697E-07  2.73760E-03  7.73031E+00
 6000000000  1.33626E-07  2.45376E-03  8.01835E+00
 7000000000  1.33548E-07  2.25380E-03  8.14583E+00
 8000000000  1.33473E-07  2.09628E-03  8.23952E+00
 9000000000  1.33352E-07  1.95713E-03  8.40367E+00
10000000000  1.33294E-07  1.83965E-03  8.56081E+00
