mcnp       5.mpi 02/26/18 04:04:16     6 10000000000  1924432022593
 dlvn                                                                           
ntal     6
   14   24   34   44   54   64
tally   14    1    0
f        1
     56
d        1
u        0
s        0
m        0
c        0
e        0
t        0
vals
  7.07299E-07 0.0020
tfc   10       1       1       1       1       1       1       1       1
 1000000000  7.02757E-07  1.93329E-03  2.64538E+02
 2000000000  7.03322E-07  1.44003E-03  2.38392E+02
 3000000000  7.05092E-07  1.89508E-03  9.16446E+01
 4000000000  7.05831E-07  1.58870E-03  9.77365E+01
 5000000000  7.06371E-07  1.34285E-03  1.09414E+02
 6000000000  7.06010E-07  1.17871E-03  1.18372E+02
 7000000000  7.08008E-07  2.73551E-03  1.88244E+01
 8000000000  7.07517E-07  2.41357E-03  2.11646E+01
 9000000000  7.07583E-07  2.21665E-03  2.23041E+01
10000000000  7.07299E-07  2.00748E-03  2.44772E+01
tally   24    1    0
f        1
     55
d        1
u        0
s        0
m        0
c        0
e        0
t        0
vals
  2.47742E-06 0.0009
tfc   10       1       1       1       1       1       1       1       1
 1000000000  2.47416E-06  1.66748E-03  3.55599E+02
 2000000000  2.47031E-06  1.21255E-03  3.36228E+02
 3000000000  2.47446E-06  1.62776E-03  1.24217E+02
 4000000000  2.47653E-06  1.40873E-03  1.24304E+02
 5000000000  2.47896E-06  1.25201E-03  1.25868E+02
 6000000000  2.47770E-06  1.07919E-03  1.41211E+02
 7000000000  2.47744E-06  9.60038E-04  1.52834E+02
 8000000000  2.47770E-06  1.05186E-03  1.11434E+02
 9000000000  2.47743E-06  9.54004E-04  1.20414E+02
10000000000  2.47742E-06  8.75858E-04  1.28587E+02
tally   34    1    0
f        1
     54
d        1
u        0
s        0
m        0
c        0
e        0
t        0
vals
  4.39663E-07 0.0006
tfc   10       1       1       1       1       1       1       1       1
 1000000000  4.39156E-07  1.81013E-03  3.01762E+02
 2000000000  4.39306E-07  1.26614E-03  3.08372E+02
 3000000000  4.38997E-07  1.00572E-03  3.25394E+02
 4000000000  4.39178E-07  8.95445E-04  3.07655E+02
 5000000000  4.39439E-07  7.96138E-04  3.11280E+02
 6000000000  4.39568E-07  7.24938E-04  3.12940E+02
 7000000000  4.39559E-07  6.73313E-04  3.10716E+02
 8000000000  4.39687E-07  6.50600E-04  2.91274E+02
 9000000000  4.39646E-07  6.13776E-04  2.90909E+02
10000000000  4.39663E-07  5.83381E-04  2.89840E+02
tally   44    1    0
f        1
     53
d        1
u        0
s        0
m        0
c        0
e        0
t        0
vals
  1.43107E-05 0.0040
tfc   10       1       1       1       1       1       1       1       1
 1000000000  1.41159E-05  3.37660E-03  8.67209E+01
 2000000000  1.43434E-05  1.37287E-02  2.62287E+00
 3000000000  1.44122E-05  1.09609E-02  2.73948E+00
 4000000000  1.44674E-05  9.06731E-03  3.00044E+00
 5000000000  1.43984E-05  7.31751E-03  3.68469E+00
 6000000000  1.43483E-05  6.14196E-03  4.35961E+00
 7000000000  1.43511E-05  5.38535E-03  4.85702E+00
 8000000000  1.43446E-05  4.86998E-03  5.19848E+00
 9000000000  1.43234E-05  4.36280E-03  5.75766E+00
10000000000  1.43107E-05  3.95312E-03  6.31225E+00
tally   54    1    0
f        1
     52
d        1
u        0
s        0
m        0
c        0
e        0
t        0
vals
  2.51887E-07 0.0010
tfc   10       1       1       1       1       1       1       1       1
 1000000000  2.50884E-07  2.35274E-03  1.78622E+02
 2000000000  2.51334E-07  1.75726E-03  1.60090E+02
 3000000000  2.51377E-07  1.43694E-03  1.59399E+02
 4000000000  2.51657E-07  1.49389E-03  1.10537E+02
 5000000000  2.51756E-07  1.29140E-03  1.18306E+02
 6000000000  2.51818E-07  1.16395E-03  1.21393E+02
 7000000000  2.51893E-07  1.23968E-03  9.16600E+01
 8000000000  2.51822E-07  1.13245E-03  9.61370E+01
 9000000000  2.51854E-07  1.05064E-03  9.92818E+01
10000000000  2.51887E-07  9.82317E-04  1.02226E+02
tally   64    1    0
f        1
     51
d        1
u        0
s        0
m        0
c        0
e        0
t        0
vals
  1.32795E-07 0.0045
tfc   10       1       1       1       1       1       1       1       1
 1000000000  1.33267E-07  1.36801E-02  5.28327E+00
 2000000000  1.33097E-07  9.51554E-03  5.45969E+00
 3000000000  1.32022E-07  7.38163E-03  6.04027E+00
 4000000000  1.32820E-07  6.90412E-03  5.17518E+00
 5000000000  1.32879E-07  6.15482E-03  5.20832E+00
 6000000000  1.32842E-07  5.81883E-03  4.85726E+00
 7000000000  1.32308E-07  5.24387E-03  5.12265E+00
 8000000000  1.32400E-07  4.85851E-03  5.22306E+00
 9000000000  1.32797E-07  4.79372E-03  4.76904E+00
10000000000  1.32795E-07  4.53602E-03  4.79416E+00
