mcnp       5.mpi 03/05/18 09:47:38     3  1000000000   470497536647
                                                                                
ntal     4
   14   24   34   44
tally   14    2    0
f        1
      1
d        1
u        0
s        0
m        0
c        0
e        0
t        0
vals
  5.35238E-10 0.0031
tfc   10       1       1       1       1       1       1       1       1
  100000000  5.39686E-10  9.24711E-03  5.50959E+01
  200000000  5.37273E-10  6.69201E-03  5.26289E+01
  300000000  5.41066E-10  5.80971E-03  4.65520E+01
  400000000  5.38718E-10  5.07331E-03  4.57912E+01
  500000000  5.37973E-10  4.53051E-03  4.59420E+01
  600000000  5.37899E-10  4.06307E-03  4.76027E+01
  700000000  5.36556E-10  3.75998E-03  4.76488E+01
  800000000  5.36163E-10  3.52128E-03  4.75417E+01
  900000000  5.35844E-10  3.28899E-03  4.84388E+01
 1000000000  5.35238E-10  3.10557E-03  4.88978E+01
tally   24    2    0
f        1
      2
d        1
u        0
s        0
m        0
c        0
e        0
t        0
vals
  4.30787E-10 0.0138
tfc   10       1       1       1       1       1       1       1       1
  100000000  4.37059E-10  3.38417E-02  4.11364E+00
  200000000  4.31835E-10  2.08122E-02  5.44130E+00
  300000000  4.31987E-10  1.66777E-02  5.64906E+00
  400000000  4.31871E-10  1.47081E-02  5.44819E+00
  500000000  4.38290E-10  2.45394E-02  1.56594E+00
  600000000  4.32891E-10  2.10750E-02  1.76931E+00
  700000000  4.31205E-10  1.85655E-02  1.95438E+00
  800000000  4.30546E-10  1.65988E-02  2.13956E+00
  900000000  4.29780E-10  1.49881E-02  2.33252E+00
 1000000000  4.30787E-10  1.37797E-02  2.48367E+00
tally   34    2    0
f        1
      3
d        1
u        0
s        0
m        0
c        0
e        0
t        0
vals
  3.42228E-10 0.0222
tfc   10       1       1       1       1       1       1       1       1
  100000000  3.68063E-10  1.05210E-01  4.25611E-01
  200000000  3.51257E-10  5.93037E-02  6.70154E-01
  300000000  3.38154E-10  4.27920E-02  8.58069E-01
  400000000  3.56197E-10  4.06741E-02  7.12409E-01
  500000000  3.53270E-10  3.39469E-02  8.18283E-01
  600000000  3.46654E-10  2.95589E-02  8.99424E-01
  700000000  3.43435E-10  2.64414E-02  9.63504E-01
  800000000  3.44593E-10  2.63471E-02  8.49201E-01
  900000000  3.43399E-10  2.40091E-02  9.09004E-01
 1000000000  3.42228E-10  2.21679E-02  9.59671E-01
tally   44    2    0
f        1
      4
d        1
u        0
s        0
m        0
c        0
e        0
t        0
vals
  4.17944E-10 0.0178
tfc   10       1       1       1       1       1       1       1       1
  100000000  3.83337E-10  5.42866E-02  1.59863E+00
  200000000  4.14524E-10  3.97151E-02  1.49426E+00
  300000000  4.19946E-10  3.19646E-02  1.53783E+00
  400000000  4.19828E-10  2.74182E-02  1.56779E+00
  500000000  4.23125E-10  2.45698E-02  1.56207E+00
  600000000  4.25807E-10  2.26660E-02  1.52964E+00
  700000000  4.17935E-10  2.09904E-02  1.52891E+00
  800000000  4.18905E-10  2.01706E-02  1.44890E+00
  900000000  4.18757E-10  1.87939E-02  1.48348E+00
 1000000000  4.17944E-10  1.77660E-02  1.49415E+00
