mcnp       5.mpi 03/05/18 09:47:34     3  1000000000   462006628980
                                                                                
ntal     4
   14   24   34   44
tally   14    2    0
f        1
      1
d        1
u        0
s        0
m        0
c        0
e        0
t        0
vals
  5.34065E-10 0.0032
tfc   10       1       1       1       1       1       1       1       1
  100000000  5.38018E-10  1.01511E-02  4.66280E+01
  200000000  5.34173E-10  7.10934E-03  4.75863E+01
  300000000  5.36561E-10  5.96750E-03  4.50431E+01
  400000000  5.36377E-10  5.11009E-03  4.60795E+01
  500000000  5.33732E-10  4.49678E-03  4.76133E+01
  600000000  5.34425E-10  4.08819E-03  4.80105E+01
  700000000  5.33556E-10  3.78161E-03  4.80999E+01
  800000000  5.34163E-10  3.52814E-03  4.83589E+01
  900000000  5.33958E-10  3.34647E-03  4.77815E+01
 1000000000  5.34065E-10  3.18284E-03  4.75436E+01
tally   24    2    0
f        1
      2
d        1
u        0
s        0
m        0
c        0
e        0
t        0
vals
  4.33338E-10 0.0141
tfc   10       1       1       1       1       1       1       1       1
  100000000  4.65070E-10  7.50083E-02  8.53990E-01
  200000000  4.48938E-10  4.08367E-02  1.44224E+00
  300000000  4.41295E-10  2.87991E-02  1.93399E+00
  400000000  4.37056E-10  2.26002E-02  2.35581E+00
  500000000  4.42780E-10  2.51392E-02  1.52345E+00
  600000000  4.41536E-10  2.16631E-02  1.70984E+00
  700000000  4.39664E-10  1.89554E-02  1.91439E+00
  800000000  4.36044E-10  1.69427E-02  2.09701E+00
  900000000  4.34358E-10  1.54001E-02  2.25624E+00
 1000000000  4.33338E-10  1.40828E-02  2.42853E+00
tally   34    2    0
f        1
      3
d        1
u        0
s        0
m        0
c        0
e        0
t        0
vals
  3.51123E-10 0.0226
tfc   10       1       1       1       1       1       1       1       1
  100000000  3.52164E-10  6.50452E-02  1.13564E+00
  200000000  3.50212E-10  3.97027E-02  1.52581E+00
  300000000  3.43003E-10  3.08625E-02  1.68404E+00
  400000000  3.38788E-10  2.54560E-02  1.85689E+00
  500000000  3.44858E-10  2.37498E-02  1.70691E+00
  600000000  3.51239E-10  2.21073E-02  1.64183E+00
  700000000  3.57597E-10  2.94984E-02  7.90494E-01
  800000000  3.50712E-10  2.66587E-02  8.47012E-01
  900000000  3.51777E-10  2.42458E-02  9.10254E-01
 1000000000  3.51123E-10  2.26060E-02  9.42482E-01
tally   44    2    0
f        1
      4
d        1
u        0
s        0
m        0
c        0
e        0
t        0
vals
  4.54122E-10 0.0244
tfc   10       1       1       1       1       1       1       1       1
  100000000  4.42852E-10  7.87498E-02  7.74770E-01
  200000000  4.54933E-10  4.85295E-02  1.02124E+00
  300000000  4.71864E-10  5.48656E-02  5.32858E-01
  400000000  4.81759E-10  4.65739E-02  5.54729E-01
  500000000  4.74211E-10  3.92067E-02  6.26340E-01
  600000000  4.71975E-10  3.43492E-02  6.80086E-01
  700000000  4.61396E-10  3.08325E-02  7.23568E-01
  800000000  4.54203E-10  2.81702E-02  7.58555E-01
  900000000  4.58904E-10  2.61933E-02  7.79929E-01
 1000000000  4.54122E-10  2.43730E-02  8.10778E-01
