mcnp       5.mpi 02/26/18 00:34:15     3  1000000000   392049653347
 steel-plate                                                                    
ntal     1
    4
tally    4    1    0
f        1
     42
d        1
u        0
s        0
m        0
c        0
e        0
t        0
vals
  1.70762E-12 0.0326
tfc   10       1       1       1       1       1       1       1       1
  100000000  1.63189E-12  2.52115E-02  1.05126E+01
  200000000  1.63802E-12  1.95814E-02  8.79037E+00
  300000000  1.78396E-12  9.45032E-02  2.22513E-01
  400000000  1.76253E-12  7.24901E-02  2.92021E-01
  500000000  1.74030E-12  5.89920E-02  3.59121E-01
  600000000  1.73865E-12  5.03728E-02  4.14735E-01
  700000000  1.72076E-12  4.37147E-02  4.76920E-01
  800000000  1.72505E-12  3.99949E-02  4.99337E-01
  900000000  1.71819E-12  3.59306E-02  5.52604E-01
 1000000000  1.70762E-12  3.26143E-02  6.06101E-01
