mcnp       5.mpi 03/02/18 13:41:43     2  1000000000   197432827504
                                                                                
ntal     4
   14   24   34   44
tally   14    2    0
f        1
      1
d        1
u        0
s        0
m        0
c        0
e        0
t        0
vals
  5.34371E-10 0.0042
tfc   10       1       1       1       1       1       1       1       1
  100000000  5.24447E-10  1.28232E-02  4.67739E+01
  200000000  5.24188E-10  8.65421E-03  5.13661E+01
  300000000  5.27115E-10  7.01909E-03  5.20606E+01
  400000000  5.29546E-10  6.06650E-03  5.22737E+01
  500000000  5.30087E-10  5.37583E-03  5.32610E+01
  600000000  5.30958E-10  4.88336E-03  5.37891E+01
  700000000  5.31882E-10  4.53412E-03  5.34833E+01
  800000000  5.32855E-10  4.55781E-03  4.63143E+01
  900000000  5.33593E-10  4.48771E-03  4.24631E+01
 1000000000  5.34371E-10  4.20742E-03  4.34794E+01
tally   24    2    0
f        1
      2
d        1
u        0
s        0
m        0
c        0
e        0
t        0
vals
  4.36650E-10 0.0031
tfc   10       1       1       1       1       1       1       1       1
  100000000  4.34109E-10  9.18861E-03  9.10954E+01
  200000000  4.35356E-10  6.77380E-03  8.38427E+01
  300000000  4.34107E-10  5.43556E-03  8.68125E+01
  400000000  4.34984E-10  5.06211E-03  7.50752E+01
  500000000  4.36422E-10  4.55629E-03  7.41441E+01
  600000000  4.36046E-10  4.10738E-03  7.60327E+01
  700000000  4.36732E-10  3.77807E-03  7.70310E+01
  800000000  4.36700E-10  3.49063E-03  7.89623E+01
  900000000  4.36470E-10  3.25515E-03  8.07089E+01
 1000000000  4.36650E-10  3.08569E-03  8.08371E+01
tally   34    2    0
f        1
      3
d        1
u        0
s        0
m        0
c        0
e        0
t        0
vals
  3.41390E-10 0.0025
tfc   10       1       1       1       1       1       1       1       1
  100000000  3.41286E-10  8.01502E-03  1.19726E+02
  200000000  3.41328E-10  5.65704E-03  1.20213E+02
  300000000  3.40802E-10  4.64191E-03  1.19036E+02
  400000000  3.42420E-10  4.01722E-03  1.19209E+02
  500000000  3.41377E-10  3.58444E-03  1.19800E+02
  600000000  3.41680E-10  3.29178E-03  1.18377E+02
  700000000  3.41790E-10  3.04041E-03  1.18944E+02
  800000000  3.41740E-10  2.84763E-03  1.18648E+02
  900000000  3.41179E-10  2.68338E-03  1.18768E+02
 1000000000  3.41390E-10  2.54349E-03  1.18975E+02
tally   44    2    0
f        1
      4
d        1
u        0
s        0
m        0
c        0
e        0
t        0
vals
  4.41279E-10 0.0034
tfc   10       1       1       1       1       1       1       1       1
  100000000  4.35519E-10  1.05997E-02  6.84557E+01
  200000000  4.37502E-10  7.56083E-03  6.72964E+01
  300000000  4.36749E-10  6.07913E-03  6.94046E+01
  400000000  4.36476E-10  5.26524E-03  6.93944E+01
  500000000  4.38151E-10  4.74411E-03  6.83897E+01
  600000000  4.40926E-10  4.38249E-03  6.67865E+01
  700000000  4.41489E-10  4.06633E-03  6.64968E+01
  800000000  4.42502E-10  3.80406E-03  6.64862E+01
  900000000  4.42359E-10  3.57481E-03  6.69200E+01
 1000000000  4.41279E-10  3.38282E-03  6.72601E+01
