mcnp       5.mpi 03/01/18 03:44:43    11 10000000000  7019038228678
 dlvn                                                                           
ntal     6
   14   24   34   44   54   64
tally   14    1    0
f        1
     56
d        1
u        0
s        0
m        0
c        0
e        0
t        0
vals
  7.08308E-07 0.0002
tfc   10       1       1       1       1       1       1       1       1
 1000000000  7.07846E-07  5.82228E-04  8.61401E+02
 2000000000  7.07920E-07  4.07748E-04  8.78173E+02
 3000000000  7.08175E-07  3.34666E-04  8.69091E+02
 4000000000  7.08221E-07  2.89956E-04  8.68420E+02
 5000000000  7.08293E-07  2.59171E-04  8.69491E+02
 6000000000  7.08272E-07  2.36019E-04  8.73703E+02
 7000000000  7.08233E-07  2.18501E-04  8.73845E+02
 8000000000  7.08262E-07  2.04556E-04  8.72468E+02
 9000000000  7.08242E-07  1.92788E-04  8.73122E+02
10000000000  7.08308E-07  1.83445E-04  8.67929E+02
tally   24    1    0
f        1
     55
d        1
u        0
s        0
m        0
c        0
e        0
t        0
vals
  2.47361E-06 0.0004
tfc   10       1       1       1       1       1       1       1       1
 1000000000  2.46911E-06  6.00206E-04  8.10571E+02
 2000000000  2.47235E-06  5.56372E-04  4.71665E+02
 3000000000  2.47584E-06  1.31038E-03  5.66881E+01
 4000000000  2.47479E-06  1.00007E-03  7.30010E+01
 5000000000  2.47405E-06  8.11427E-04  8.87032E+01
 6000000000  2.47355E-06  6.83795E-04  1.04089E+02
 7000000000  2.47358E-06  5.97388E-04  1.16903E+02
 8000000000  2.47320E-06  5.30893E-04  1.29527E+02
 9000000000  2.47340E-06  4.83266E-04  1.38951E+02
10000000000  2.47361E-06  4.49143E-04  1.44786E+02
tally   34    1    0
f        1
     54
d        1
u        0
s        0
m        0
c        0
e        0
t        0
vals
  4.39854E-07 0.0002
tfc   10       1       1       1       1       1       1       1       1
 1000000000  4.39802E-07  6.82899E-04  6.26152E+02
 2000000000  4.39842E-07  4.83785E-04  6.23818E+02
 3000000000  4.39879E-07  3.96714E-04  6.18489E+02
 4000000000  4.39974E-07  3.45488E-04  6.11684E+02
 5000000000  4.39944E-07  3.09175E-04  6.10984E+02
 6000000000  4.39924E-07  2.82038E-04  6.11846E+02
 7000000000  4.39888E-07  2.60618E-04  6.14232E+02
 8000000000  4.39893E-07  2.43851E-04  6.13934E+02
 9000000000  4.39845E-07  2.30164E-04  6.12577E+02
10000000000  4.39854E-07  2.17977E-04  6.14718E+02
tally   44    1    0
f        1
     53
d        1
u        0
s        0
m        0
c        0
e        0
t        0
vals
  1.44022E-05 0.0019
tfc   10       1       1       1       1       1       1       1       1
 1000000000  1.45115E-05  6.84617E-03  6.23013E+00
 2000000000  1.43868E-05  3.60136E-03  1.12572E+01
 3000000000  1.44129E-05  3.26420E-03  9.13554E+00
 4000000000  1.43912E-05  2.62019E-03  1.06348E+01
 5000000000  1.43913E-05  2.33712E-03  1.06924E+01
 6000000000  1.44071E-05  2.61435E-03  7.12083E+00
 7000000000  1.44159E-05  2.53333E-03  6.50063E+00
 8000000000  1.44043E-05  2.23507E-03  7.30788E+00
 9000000000  1.43985E-05  2.02427E-03  7.91951E+00
10000000000  1.44022E-05  1.89774E-03  8.11005E+00
tally   54    1    0
f        1
     52
d        1
u        0
s        0
m        0
c        0
e        0
t        0
vals
  2.52242E-07 0.0004
tfc   10       1       1       1       1       1       1       1       1
 1000000000  2.51986E-07  1.11413E-03  2.35244E+02
 2000000000  2.52289E-07  8.18853E-04  2.17747E+02
 3000000000  2.52345E-07  6.63980E-04  2.20789E+02
 4000000000  2.52222E-07  5.69896E-04  2.24803E+02
 5000000000  2.52128E-07  5.07121E-04  2.27099E+02
 6000000000  2.52192E-07  4.67770E-04  2.22429E+02
 7000000000  2.52188E-07  4.34546E-04  2.20937E+02
 8000000000  2.52225E-07  4.11071E-04  2.16042E+02
 9000000000  2.52257E-07  3.87728E-04  2.15865E+02
10000000000  2.52242E-07  3.66626E-04  2.17296E+02
tally   64    1    0
f        1
     51
d        1
u        0
s        0
m        0
c        0
e        0
t        0
vals
  1.33239E-07 0.0019
tfc   10       1       1       1       1       1       1       1       1
 1000000000  1.32787E-07  5.81654E-03  8.63103E+00
 2000000000  1.32819E-07  4.11979E-03  8.60229E+00
 3000000000  1.32898E-07  3.28808E-03  9.00331E+00
 4000000000  1.33208E-07  3.06573E-03  7.76828E+00
 5000000000  1.33242E-07  2.69230E-03  8.05731E+00
 6000000000  1.33279E-07  2.47582E-03  7.93998E+00
 7000000000  1.33357E-07  2.26019E-03  8.16677E+00
 8000000000  1.33278E-07  2.13705E-03  7.99363E+00
 9000000000  1.33225E-07  1.99851E-03  8.12499E+00
10000000000  1.33239E-07  1.87975E-03  8.26601E+00
