mcnp       5.mpi 02/26/18 00:56:46     3  1000000000   410308662227
 steel-plate                                                                    
ntal     1
    4
tally    4    1    0
f        1
     42
d        1
u        0
s        0
m        0
c        0
e        0
t        0
vals
  2.06137E-12 0.1201
tfc   10       1       1       1       1       1       1       1       1
  100000000  1.64453E-12  2.28080E-02  1.28141E+01
  200000000  1.65651E-12  2.53259E-02  5.24816E+00
  300000000  1.88730E-12  1.02306E-01  2.14351E-01
  400000000  1.86905E-12  8.31930E-02  2.38407E-01
  500000000  1.82071E-12  6.83573E-02  2.83112E-01
  600000000  1.86653E-12  6.20794E-02  2.82630E-01
  700000000  1.82973E-12  5.43165E-02  3.17964E-01
  800000000  1.81505E-12  4.81989E-02  3.53809E-01
  900000000  2.09438E-12  1.31078E-01  4.03157E-02
 1000000000  2.06137E-12  1.20078E-01  4.32841E-02
