mcnp       5.mpi 02/25/18 08:23:20     3  1000000000   385119525705
 steel-plate                                                                    
ntal     1
    4
tally    4    1    0
f        1
     42
d        1
u        0
s        0
m        0
c        0
e        0
t        0
vals
  2.03365E-12 0.0785
tfc   10       1       1       1       1       1       1       1       1
  100000000  1.69574E-12  3.05330E-02  7.35355E+00
  200000000  2.28086E-12  2.71361E-01  4.74533E-02
  300000000  2.49174E-12  2.04852E-01  4.76651E-02
  400000000  2.30344E-12  1.66345E-01  5.62451E-02
  500000000  2.18628E-12  1.40401E-01  6.45372E-02
  600000000  2.09382E-12  1.22189E-01  7.22882E-02
  700000000  2.04475E-12  1.07358E-01  8.09868E-02
  800000000  2.01632E-12  9.56198E-02  8.91883E-02
  900000000  2.05140E-12  8.60944E-02  9.70252E-02
 1000000000  2.03365E-12  7.85064E-02  1.05247E-01
