mcnp       5.mpi 02/26/18 02:44:31     3  1000000000   401623680877
 steel-plate                                                                    
ntal     1
    4
tally    4    1    0
f        1
     42
d        1
u        0
s        0
m        0
c        0
e        0
t        0
vals
  2.53437E-12 0.2792
tfc   10       1       1       1       1       1       1       1       1
  100000000  1.86047E-12  1.15008E-01  4.95772E-01
  200000000  1.73680E-12  6.18945E-02  8.70690E-01
  300000000  1.81054E-12  6.97480E-02  4.52894E-01
  400000000  1.86159E-12  7.62461E-02  2.78133E-01
  500000000  3.25236E-12  4.34427E-01  6.41136E-03
  600000000  2.99612E-12  3.92995E-01  6.64888E-03
  700000000  2.82244E-12  3.57619E-01  6.93726E-03
  800000000  2.67294E-12  3.30422E-01  7.21727E-03
  900000000  2.63897E-12  2.97963E-01  7.90144E-03
 1000000000  2.53437E-12  2.79235E-01  8.17261E-03
