mcnp       5.mpi 03/05/18 10:49:28     3  1000000000   605791077487
                                                                                
ntal     4
   14   24   34   44
tally   14    2    0
f        1
      1
d        1
u        0
s        0
m        0
c        0
e        0
t        0
vals
  5.32301E-10 0.0083
tfc   10       1       1       1       1       1       1       1       1
  100000000  5.44116E-10  2.87124E-02  4.54696E+00
  200000000  5.40318E-10  1.91816E-02  5.09732E+00
  300000000  5.36200E-10  1.54770E-02  5.21952E+00
  400000000  5.36498E-10  1.34002E-02  5.22300E+00
  500000000  5.39140E-10  1.26859E-02  4.66259E+00
  600000000  5.35656E-10  1.12311E-02  4.95755E+00
  700000000  5.36070E-10  1.01712E-02  5.18140E+00
  800000000  5.35199E-10  9.42812E-03  5.27602E+00
  900000000  5.34075E-10  8.96169E-03  5.19121E+00
 1000000000  5.32301E-10  8.30464E-03  5.44082E+00
tally   24    2    0
f        1
      2
d        1
u        0
s        0
m        0
c        0
e        0
t        0
vals
  4.23927E-10 0.0105
tfc   10       1       1       1       1       1       1       1       1
  100000000  4.47468E-10  4.46910E-02  1.87681E+00
  200000000  4.35015E-10  2.80144E-02  2.38973E+00
  300000000  4.27492E-10  2.10142E-02  2.83126E+00
  400000000  4.25933E-10  1.76144E-02  3.02275E+00
  500000000  4.26871E-10  1.52660E-02  3.21974E+00
  600000000  4.26743E-10  1.43169E-02  3.05082E+00
  700000000  4.24618E-10  1.29744E-02  3.18436E+00
  800000000  4.22348E-10  1.18865E-02  3.31931E+00
  900000000  4.22656E-10  1.10807E-02  3.39558E+00
 1000000000  4.23927E-10  1.04583E-02  3.43068E+00
tally   34    2    0
f        1
      3
d        1
u        0
s        0
m        0
c        0
e        0
t        0
vals
  3.48170E-10 0.0397
tfc   10       1       1       1       1       1       1       1       1
  100000000  3.24292E-10  5.74819E-02  1.13448E+00
  200000000  3.84741E-10  1.43213E-01  9.14415E-02
  300000000  3.85092E-10  1.07040E-01  1.09123E-01
  400000000  3.75170E-10  8.32513E-02  1.35319E-01
  500000000  3.62839E-10  6.92336E-02  1.56544E-01
  600000000  3.61737E-10  5.84035E-02  1.83331E-01
  700000000  3.54170E-10  5.14291E-02  2.02664E-01
  800000000  3.50532E-10  4.58015E-02  2.23561E-01
  900000000  3.47805E-10  4.13433E-02  2.43914E-01
 1000000000  3.48170E-10  3.96866E-02  2.38241E-01
tally   44    2    0
f        1
      4
d        1
u        0
s        0
m        0
c        0
e        0
t        0
vals
  4.34392E-10 0.0189
tfc   10       1       1       1       1       1       1       1       1
  100000000  5.12501E-10  9.08608E-02  4.54053E-01
  200000000  4.75851E-10  5.34262E-02  6.57057E-01
  300000000  4.50155E-10  4.03785E-02  7.66836E-01
  400000000  4.45915E-10  3.23549E-02  8.95901E-01
  500000000  4.38035E-10  2.80673E-02  9.52509E-01
  600000000  4.33943E-10  2.46635E-02  1.02803E+00
  700000000  4.33686E-10  2.25211E-02  1.05685E+00
  800000000  4.33277E-10  2.15527E-02  1.00961E+00
  900000000  4.33563E-10  2.01740E-02  1.02439E+00
 1000000000  4.34392E-10  1.88570E-02  1.05526E+00
