mcnp       5.mpi 02/27/18 19:21:14    11 10000000000  6816716096229
 dlvn                                                                           
ntal     6
   14   24   34   44   54   64
tally   14    1    0
f        1
     56
d        1
u        0
s        0
m        0
c        0
e        0
t        0
vals
  7.08881E-07 0.0008
tfc   10       1       1       1       1       1       1       1       1
 1000000000  7.08074E-07  1.21345E-03  1.52114E+02
 2000000000  7.09432E-07  2.04462E-03  2.67775E+01
 3000000000  7.09988E-07  2.05314E-03  1.76970E+01
 4000000000  7.09900E-07  1.78839E-03  1.74949E+01
 5000000000  7.09377E-07  1.44659E-03  2.13921E+01
 6000000000  7.09252E-07  1.21955E-03  2.50827E+01
 7000000000  7.08988E-07  1.05525E-03  2.87152E+01
 8000000000  7.08877E-07  9.33393E-04  3.21114E+01
 9000000000  7.08934E-07  8.48799E-04  3.45100E+01
10000000000  7.08881E-07  7.70168E-04  3.77200E+01
tally   24    1    0
f        1
     55
d        1
u        0
s        0
m        0
c        0
e        0
t        0
vals
  2.47471E-06 0.0002
tfc   10       1       1       1       1       1       1       1       1
 1000000000  2.47494E-06  4.86959E-04  9.44556E+02
 2000000000  2.47527E-06  3.53642E-04  8.95093E+02
 3000000000  2.47497E-06  2.88802E-04  8.94410E+02
 4000000000  2.47494E-06  2.48349E-04  9.07218E+02
 5000000000  2.47476E-06  2.20510E-04  9.20643E+02
 6000000000  2.47471E-06  2.01740E-04  9.16623E+02
 7000000000  2.47479E-06  1.86296E-04  9.21335E+02
 8000000000  2.47476E-06  1.73757E-04  9.26624E+02
 9000000000  2.47486E-06  1.63592E-04  9.29031E+02
10000000000  2.47471E-06  1.55107E-04  9.29999E+02
tally   34    1    0
f        1
     54
d        1
u        0
s        0
m        0
c        0
e        0
t        0
vals
  4.39924E-07 0.0002
tfc   10       1       1       1       1       1       1       1       1
 1000000000  4.39767E-07  7.48423E-04  3.99870E+02
 2000000000  4.39976E-07  5.32358E-04  3.94992E+02
 3000000000  4.40109E-07  4.82557E-04  3.20360E+02
 4000000000  4.40002E-07  4.08778E-04  3.34858E+02
 5000000000  4.39958E-07  3.61104E-04  3.43307E+02
 6000000000  4.39930E-07  3.25976E-04  3.51078E+02
 7000000000  4.39994E-07  3.00214E-04  3.54783E+02
 8000000000  4.39963E-07  2.78781E-04  3.59966E+02
 9000000000  4.40015E-07  2.61509E-04  3.63565E+02
10000000000  4.39924E-07  2.46555E-04  3.68057E+02
tally   44    1    0
f        1
     53
d        1
u        0
s        0
m        0
c        0
e        0
t        0
vals
  1.44292E-05 0.0009
tfc   10       1       1       1       1       1       1       1       1
 1000000000  1.43929E-05  5.41052E-04  7.65130E+02
 2000000000  1.44077E-05  7.23894E-04  2.13622E+02
 3000000000  1.44020E-05  5.12463E-04  2.84061E+02
 4000000000  1.44145E-05  6.57241E-04  1.29535E+02
 5000000000  1.44242E-05  9.10036E-04  5.40542E+01
 6000000000  1.44208E-05  7.68514E-04  6.31642E+01
 7000000000  1.44372E-05  1.18922E-03  2.26102E+01
 8000000000  1.44322E-05  1.04729E-03  2.55068E+01
 9000000000  1.44329E-05  9.46613E-04  2.77466E+01
10000000000  1.44292E-05  8.54250E-04  3.06601E+01
tally   54    1    0
f        1
     52
d        1
u        0
s        0
m        0
c        0
e        0
t        0
vals
  2.52229E-07 0.0002
tfc   10       1       1       1       1       1       1       1       1
 1000000000  2.52212E-07  5.67432E-04  6.95642E+02
 2000000000  2.52260E-07  3.89185E-04  7.39067E+02
 3000000000  2.52313E-07  3.68156E-04  5.50393E+02
 4000000000  2.52257E-07  3.07249E-04  5.92730E+02
 5000000000  2.52208E-07  2.67879E-04  6.23836E+02
 6000000000  2.52196E-07  2.40495E-04  6.45004E+02
 7000000000  2.52210E-07  2.21009E-04  6.54644E+02
 8000000000  2.52243E-07  2.07633E-04  6.48924E+02
 9000000000  2.52254E-07  1.94131E-04  6.59729E+02
10000000000  2.52229E-07  1.83079E-04  6.67521E+02
tally   64    1    0
f        1
     51
d        1
u        0
s        0
m        0
c        0
e        0
t        0
vals
  1.33459E-07 0.0002
tfc   10       1       1       1       1       1       1       1       1
 1000000000  1.33349E-07  6.69083E-04  5.00326E+02
 2000000000  1.33392E-07  4.66120E-04  5.15230E+02
 3000000000  1.33435E-07  4.08912E-04  4.46144E+02
 4000000000  1.33434E-07  3.50913E-04  4.54399E+02
 5000000000  1.33449E-07  3.12119E-04  4.59523E+02
 6000000000  1.33457E-07  2.85677E-04  4.57115E+02
 7000000000  1.33458E-07  2.62487E-04  4.64097E+02
 8000000000  1.33456E-07  2.44364E-04  4.68505E+02
 9000000000  1.33459E-07  2.30838E-04  4.66594E+02
10000000000  1.33459E-07  2.18319E-04  4.69419E+02
