mcnp       5.mpi 03/01/18 01:34:28    11 10000000000  7019264524372
 dlvn                                                                           
ntal     6
   14   24   34   44   54   64
tally   14    1    0
f        1
     56
d        1
u        0
s        0
m        0
c        0
e        0
t        0
vals
  7.08397E-07 0.0002
tfc   10       1       1       1       1       1       1       1       1
 1000000000  7.07690E-07  5.81586E-04  8.62926E+02
 2000000000  7.08078E-07  4.08674E-04  8.73384E+02
 3000000000  7.08123E-07  3.32392E-04  8.79764E+02
 4000000000  7.08357E-07  4.61813E-04  3.41667E+02
 5000000000  7.08278E-07  3.87075E-04  3.89096E+02
 6000000000  7.08299E-07  3.36559E-04  4.28881E+02
 7000000000  7.08389E-07  3.00341E-04  4.61592E+02
 8000000000  7.08438E-07  2.72582E-04  4.90371E+02
 9000000000  7.08383E-07  2.50611E-04  5.15650E+02
10000000000  7.08397E-07  2.32931E-04  5.37210E+02
tally   24    1    0
f        1
     55
d        1
u        0
s        0
m        0
c        0
e        0
t        0
vals
  2.47492E-06 0.0004
tfc   10       1       1       1       1       1       1       1       1
 1000000000  2.47331E-06  1.04561E-03  2.66970E+02
 2000000000  2.47212E-06  6.36971E-04  3.59517E+02
 3000000000  2.47267E-06  4.89608E-04  4.05481E+02
 4000000000  2.47293E-06  4.03206E-04  4.48209E+02
 5000000000  2.47450E-06  5.66316E-04  1.81773E+02
 6000000000  2.47441E-06  5.03399E-04  1.91706E+02
 7000000000  2.47442E-06  4.41096E-04  2.14005E+02
 8000000000  2.47405E-06  3.93844E-04  2.34893E+02
 9000000000  2.47413E-06  3.68158E-04  2.38939E+02
10000000000  2.47492E-06  4.38623E-04  1.51501E+02
tally   34    1    0
f        1
     54
d        1
u        0
s        0
m        0
c        0
e        0
t        0
vals
  4.39683E-07 0.0002
tfc   10       1       1       1       1       1       1       1       1
 1000000000  4.39812E-07  6.91437E-04  6.10515E+02
 2000000000  4.39682E-07  4.84969E-04  6.20199E+02
 3000000000  4.39868E-07  3.95827E-04  6.20379E+02
 4000000000  4.39903E-07  3.42197E-04  6.22274E+02
 5000000000  4.39779E-07  3.05507E-04  6.24606E+02
 6000000000  4.39773E-07  2.80583E-04  6.17074E+02
 7000000000  4.39744E-07  2.58826E-04  6.21544E+02
 8000000000  4.39739E-07  2.42008E-04  6.22100E+02
 9000000000  4.39670E-07  2.27899E-04  6.23550E+02
10000000000  4.39683E-07  2.15910E-04  6.25247E+02
tally   44    1    0
f        1
     53
d        1
u        0
s        0
m        0
c        0
e        0
t        0
vals
  1.44035E-05 0.0029
tfc   10       1       1       1       1       1       1       1       1
 1000000000  1.43334E-05  3.48696E-03  2.40053E+01
 2000000000  1.43212E-05  2.19380E-03  3.03084E+01
 3000000000  1.43362E-05  1.84891E-03  2.84338E+01
 4000000000  1.43337E-05  1.52177E-03  3.14658E+01
 5000000000  1.43951E-05  5.11691E-03  2.22655E+00
 6000000000  1.44053E-05  4.41455E-03  2.49280E+00
 7000000000  1.44018E-05  3.80583E-03  2.87469E+00
 8000000000  1.44156E-05  3.52943E-03  2.92490E+00
 9000000000  1.44110E-05  3.16359E-03  3.23590E+00
10000000000  1.44035E-05  2.91806E-03  3.42302E+00
tally   54    1    0
f        1
     52
d        1
u        0
s        0
m        0
c        0
e        0
t        0
vals
  2.52217E-07 0.0004
tfc   10       1       1       1       1       1       1       1       1
 1000000000  2.51991E-07  1.25417E-03  1.85561E+02
 2000000000  2.51986E-07  8.25886E-04  2.13855E+02
 3000000000  2.52041E-07  6.61226E-04  2.22314E+02
 4000000000  2.52124E-07  5.75006E-04  2.20389E+02
 5000000000  2.52129E-07  5.10870E-04  2.23371E+02
 6000000000  2.52169E-07  4.69340E-04  2.20539E+02
 7000000000  2.52216E-07  4.42468E-04  2.12680E+02
 8000000000  2.52169E-07  4.11631E-04  2.15033E+02
 9000000000  2.52210E-07  3.98186E-04  2.04260E+02
10000000000  2.52217E-07  3.76455E-04  2.05670E+02
tally   64    1    0
f        1
     51
d        1
u        0
s        0
m        0
c        0
e        0
t        0
vals
  1.33586E-07 0.0019
tfc   10       1       1       1       1       1       1       1       1
 1000000000  1.32875E-07  6.30819E-03  7.33487E+00
 2000000000  1.33035E-07  4.27082E-03  7.99717E+00
 3000000000  1.33125E-07  3.37648E-03  8.52588E+00
 4000000000  1.33211E-07  2.85305E-03  8.95190E+00
 5000000000  1.33362E-07  2.56385E-03  8.86875E+00
 6000000000  1.33404E-07  2.32259E-03  9.00568E+00
 7000000000  1.33472E-07  2.14152E-03  9.07912E+00
 8000000000  1.33519E-07  2.11247E-03  8.16469E+00
 9000000000  1.33570E-07  1.97756E-03  8.28131E+00
10000000000  1.33586E-07  1.86168E-03  8.40981E+00
