mcnp       5.mpi 03/02/18 10:08:37    11 10000000000100939980742017
 dlvn                                                                           
ntal     6
   14   24   34   44   54   64
tally   14    1    0
f        1
     56
d        1
u        0
s        0
m        0
c        0
e        0
t        0
vals
  7.06943E-07 0.0031
tfc   10       1       1       1       1       1       1       1       1
 1000000000  7.16392E-07  9.62685E-03  7.70598E-01
 2000000000  7.18684E-07  6.80886E-03  7.70521E-01
 3000000000  7.14201E-07  5.55562E-03  7.71568E-01
 4000000000  7.10288E-07  4.83242E-03  7.64869E-01
 5000000000  7.08275E-07  4.32833E-03  7.62793E-01
 6000000000  7.08448E-07  3.95984E-03  7.59442E-01
 7000000000  7.08165E-07  3.66305E-03  7.60746E-01
 8000000000  7.07184E-07  3.42326E-03  7.62204E-01
 9000000000  7.07405E-07  3.22299E-03  7.64334E-01
10000000000  7.06943E-07  3.05906E-03  7.63622E-01
tally   24    1    0
f        1
     55
d        1
u        0
s        0
m        0
c        0
e        0
t        0
vals
  2.46864E-06 0.0017
tfc   10       1       1       1       1       1       1       1       1
 1000000000  2.45407E-06  5.31784E-03  2.52538E+00
 2000000000  2.47127E-06  3.75924E-03  2.52775E+00
 3000000000  2.47034E-06  3.07160E-03  2.52412E+00
 4000000000  2.47180E-06  2.65887E-03  2.52652E+00
 5000000000  2.47243E-06  2.37946E-03  2.52401E+00
 6000000000  2.46771E-06  2.17311E-03  2.52167E+00
 7000000000  2.46680E-06  2.01146E-03  2.52291E+00
 8000000000  2.46678E-06  1.88112E-03  2.52417E+00
 9000000000  2.46757E-06  1.77411E-03  2.52255E+00
10000000000  2.46864E-06  1.68206E-03  2.52563E+00
tally   34    1    0
f        1
     54
d        1
u        0
s        0
m        0
c        0
e        0
t        0
vals
  4.41698E-07 0.0040
tfc   10       1       1       1       1       1       1       1       1
 1000000000  4.43936E-07  1.25232E-02  4.55375E-01
 2000000000  4.45143E-07  8.92370E-03  4.48584E-01
 3000000000  4.44728E-07  7.24212E-03  4.54054E-01
 4000000000  4.45483E-07  6.26901E-03  4.54484E-01
 5000000000  4.45093E-07  5.62450E-03  4.51730E-01
 6000000000  4.44399E-07  5.13071E-03  4.52371E-01
 7000000000  4.42832E-07  4.75138E-03  4.52152E-01
 8000000000  4.42093E-07  4.44523E-03  4.52026E-01
 9000000000  4.41488E-07  4.18674E-03  4.52949E-01
10000000000  4.41698E-07  3.96838E-03  4.53763E-01
tally   44    1    0
f        1
     53
d        1
u        0
s        0
m        0
c        0
e        0
t        0
vals
  1.44633E-05 0.0007
tfc   10       1       1       1       1       1       1       1       1
 1000000000  1.44475E-05  2.21724E-03  1.45268E+01
 2000000000  1.44905E-05  1.56610E-03  1.45645E+01
 3000000000  1.44535E-05  1.27910E-03  1.45555E+01
 4000000000  1.44512E-05  1.10826E-03  1.45422E+01
 5000000000  1.44523E-05  9.91349E-04  1.45410E+01
 6000000000  1.44576E-05  9.05100E-04  1.45364E+01
 7000000000  1.44613E-05  8.37911E-04  1.45388E+01
 8000000000  1.44617E-05  7.83621E-04  1.45458E+01
 9000000000  1.44609E-05  7.38699E-04  1.45501E+01
10000000000  1.44633E-05  7.00685E-04  1.45549E+01
tally   54    1    0
f        1
     52
d        1
u        0
s        0
m        0
c        0
e        0
t        0
vals
  2.51037E-07 0.0051
tfc   10       1       1       1       1       1       1       1       1
 1000000000  2.58455E-07  1.59945E-02  2.79162E-01
 2000000000  2.51694E-07  1.13517E-02  2.77213E-01
 3000000000  2.49242E-07  9.26580E-03  2.77379E-01
 4000000000  2.50805E-07  8.03430E-03  2.76707E-01
 5000000000  2.51281E-07  7.19051E-03  2.76394E-01
 6000000000  2.51839E-07  6.55352E-03  2.77268E-01
 7000000000  2.51072E-07  6.06669E-03  2.77346E-01
 8000000000  2.51383E-07  5.66508E-03  2.78317E-01
 9000000000  2.50712E-07  5.33497E-03  2.78957E-01
10000000000  2.51037E-07  5.06589E-03  2.78448E-01
tally   64    1    0
f        1
     51
d        1
u        0
s        0
m        0
c        0
e        0
t        0
vals
  1.33148E-07 0.0069
tfc   10       1       1       1       1       1       1       1       1
 1000000000  1.32090E-07  2.22028E-02  1.44871E-01
 2000000000  1.32344E-07  1.55399E-02  1.47924E-01
 3000000000  1.32871E-07  1.27627E-02  1.46203E-01
 4000000000  1.32879E-07  1.09998E-02  1.47622E-01
 5000000000  1.34680E-07  9.77972E-03  1.49415E-01
 6000000000  1.34093E-07  8.94185E-03  1.48935E-01
 7000000000  1.33712E-07  8.30108E-03  1.48134E-01
 8000000000  1.33351E-07  7.75891E-03  1.48371E-01
 9000000000  1.33481E-07  7.28659E-03  1.49538E-01
10000000000  1.33148E-07  6.92240E-03  1.49122E-01
