mcnp       5.mpi 02/25/18 17:32:29     3  1000000000   373671758549
 steel-plate                                                                    
ntal     1
    4
tally    4    1    0
f        1
     42
d        1
u        0
s        0
m        0
c        0
e        0
t        0
vals
  2.03607E-12 0.0961
tfc   10       1       1       1       1       1       1       1       1
  100000000  1.60710E-12  2.34815E-02  1.27798E+01
  200000000  1.60902E-12  1.36294E-02  1.88910E+01
  300000000  1.65391E-12  2.18691E-02  4.86137E+00
  400000000  1.81099E-12  7.03954E-02  3.46542E-01
  500000000  1.78668E-12  5.72583E-02  4.17794E-01
  600000000  1.97035E-12  1.03467E-01  1.05549E-01
  700000000  1.92804E-12  9.07652E-02  1.17825E-01
  800000000  2.07481E-12  1.16121E-01  6.30536E-02
  900000000  2.05372E-12  1.04669E-01  6.87029E-02
 1000000000  2.03607E-12  9.60938E-02  7.35223E-02
