mcnp       5.mpi 03/01/18 05:51:59    11 10000000000  7059667650256
 dlvn                                                                           
ntal     6
   14   24   34   44   54   64
tally   14    1    0
f        1
     56
d        1
u        0
s        0
m        0
c        0
e        0
t        0
vals
  7.08299E-07 0.0002
tfc   10       1       1       1       1       1       1       1       1
 1000000000  7.08461E-07  5.77349E-04  8.67526E+02
 2000000000  7.08437E-07  4.03658E-04  8.87018E+02
 3000000000  7.08310E-07  3.27431E-04  8.98820E+02
 4000000000  7.08196E-07  2.83543E-04  8.99094E+02
 5000000000  7.08201E-07  2.54365E-04  8.93812E+02
 6000000000  7.08272E-07  2.32446E-04  8.91932E+02
 7000000000  7.08378E-07  2.15715E-04  8.87664E+02
 8000000000  7.08331E-07  2.01919E-04  8.86521E+02
 9000000000  7.08344E-07  1.90527E-04  8.85142E+02
10000000000  7.08299E-07  1.80547E-04  8.87218E+02
tally   24    1    0
f        1
     55
d        1
u        0
s        0
m        0
c        0
e        0
t        0
vals
  2.47358E-06 0.0003
tfc   10       1       1       1       1       1       1       1       1
 1000000000  2.47505E-06  1.12671E-03  2.27788E+02
 2000000000  2.47410E-06  6.55911E-04  3.35946E+02
 3000000000  2.47542E-06  5.55941E-04  3.11784E+02
 4000000000  2.47497E-06  4.79361E-04  3.14570E+02
 5000000000  2.47466E-06  4.03852E-04  3.54581E+02
 6000000000  2.47449E-06  3.86538E-04  3.22547E+02
 7000000000  2.47436E-06  3.54838E-04  3.28057E+02
 8000000000  2.47413E-06  3.30825E-04  3.30252E+02
 9000000000  2.47396E-06  3.04444E-04  3.46665E+02
10000000000  2.47358E-06  2.86057E-04  3.53431E+02
tally   34    1    0
f        1
     54
d        1
u        0
s        0
m        0
c        0
e        0
t        0
vals
  4.39795E-07 0.0002
tfc   10       1       1       1       1       1       1       1       1
 1000000000  4.40065E-07  6.98093E-04  5.93379E+02
 2000000000  4.39819E-07  4.84993E-04  6.14452E+02
 3000000000  4.39878E-07  3.94723E-04  6.18480E+02
 4000000000  4.39902E-07  3.41938E-04  6.18226E+02
 5000000000  4.39901E-07  3.06903E-04  6.13985E+02
 6000000000  4.39912E-07  2.81485E-04  6.08226E+02
 7000000000  4.39845E-07  2.59669E-04  6.12585E+02
 8000000000  4.39828E-07  2.43487E-04  6.09664E+02
 9000000000  4.39798E-07  2.29439E-04  6.10364E+02
10000000000  4.39795E-07  2.17574E-04  6.10937E+02
tally   44    1    0
f        1
     53
d        1
u        0
s        0
m        0
c        0
e        0
t        0
vals
  1.44686E-05 0.0057
tfc   10       1       1       1       1       1       1       1       1
 1000000000  1.44163E-05  4.29367E-03  1.56856E+01
 2000000000  1.43842E-05  2.62876E-03  2.09150E+01
 3000000000  1.43810E-05  2.11605E-03  2.15208E+01
 4000000000  1.43947E-05  1.95283E-03  1.89546E+01
 5000000000  1.43883E-05  1.68419E-03  2.03881E+01
 6000000000  1.43939E-05  1.62572E-03  1.82341E+01
 7000000000  1.45038E-05  8.04410E-03  6.38342E-01
 8000000000  1.44902E-05  7.06953E-03  7.23204E-01
 9000000000  1.44774E-05  6.30791E-03  8.07522E-01
10000000000  1.44686E-05  5.70663E-03  8.88075E-01
tally   54    1    0
f        1
     52
d        1
u        0
s        0
m        0
c        0
e        0
t        0
vals
  2.52156E-07 0.0004
tfc   10       1       1       1       1       1       1       1       1
 1000000000  2.52276E-07  1.14671E-03  2.19913E+02
 2000000000  2.52171E-07  8.15958E-04  2.17082E+02
 3000000000  2.52268E-07  6.73994E-04  2.12129E+02
 4000000000  2.52266E-07  5.91776E-04  2.06408E+02
 5000000000  2.52226E-07  5.25416E-04  2.09485E+02
 6000000000  2.52203E-07  4.76772E-04  2.12009E+02
 7000000000  2.52137E-07  4.43482E-04  2.10018E+02
 8000000000  2.52116E-07  4.13450E-04  2.11444E+02
 9000000000  2.52160E-07  3.89798E-04  2.11469E+02
10000000000  2.52156E-07  3.69326E-04  2.12026E+02
tally   64    1    0
f        1
     51
d        1
u        0
s        0
m        0
c        0
e        0
t        0
vals
  1.33740E-07 0.0019
tfc   10       1       1       1       1       1       1       1       1
 1000000000  1.33588E-07  6.39075E-03  7.08037E+00
 2000000000  1.33510E-07  4.38782E-03  7.50691E+00
 3000000000  1.33276E-07  3.46012E-03  8.04874E+00
 4000000000  1.33648E-07  2.99959E-03  8.03374E+00
 5000000000  1.33602E-07  2.62918E-03  8.36604E+00
 6000000000  1.33791E-07  2.41168E-03  8.28583E+00
 7000000000  1.33822E-07  2.28080E-03  7.94021E+00
 8000000000  1.33714E-07  2.09544E-03  8.23174E+00
 9000000000  1.33618E-07  1.95754E-03  8.38502E+00
10000000000  1.33740E-07  1.85751E-03  8.38197E+00
