mcnp       5.mpi 02/27/18 15:34:48    11 10000000000  5832719130981
 dlvn                                                                           
ntal     6
   14   24   34   44   54   64
tally   14    1    0
f        1
     56
d        1
u        0
s        0
m        0
c        0
e        0
t        0
vals
  7.08642E-07 0.0007
tfc   10       1       1       1       1       1       1       1       1
 1000000000  7.07582E-07  1.01706E-03  2.61925E+02
 2000000000  7.07179E-07  7.03407E-04  2.73755E+02
 3000000000  7.07644E-07  6.66074E-04  2.03502E+02
 4000000000  7.07885E-07  5.59876E-04  2.16032E+02
 5000000000  7.08496E-07  1.13504E-03  4.20510E+01
 6000000000  7.08226E-07  9.55847E-04  4.94097E+01
 7000000000  7.08206E-07  8.39604E-04  5.48900E+01
 8000000000  7.08406E-07  7.61529E-04  5.83812E+01
 9000000000  7.08481E-07  6.88598E-04  6.34725E+01
10000000000  7.08642E-07  6.58126E-04  6.25385E+01
tally   24    1    0
f        1
     55
d        1
u        0
s        0
m        0
c        0
e        0
t        0
vals
  2.47442E-06 0.0001
tfc   10       1       1       1       1       1       1       1       1
 1000000000  2.47524E-06  4.26320E-04  1.49072E+03
 2000000000  2.47449E-06  3.01304E-04  1.49199E+03
 3000000000  2.47425E-06  2.45765E-04  1.49477E+03
 4000000000  2.47453E-06  2.13213E-04  1.48962E+03
 5000000000  2.47430E-06  1.90804E-04  1.48807E+03
 6000000000  2.47459E-06  1.74121E-04  1.48898E+03
 7000000000  2.47448E-06  1.61307E-04  1.48708E+03
 8000000000  2.47456E-06  1.51106E-04  1.48280E+03
 9000000000  2.47458E-06  1.42950E-04  1.47281E+03
10000000000  2.47442E-06  1.35934E-04  1.46592E+03
tally   34    1    0
f        1
     54
d        1
u        0
s        0
m        0
c        0
e        0
t        0
vals
  4.39858E-07 0.0002
tfc   10       1       1       1       1       1       1       1       1
 1000000000  4.39144E-07  6.71612E-04  6.00665E+02
 2000000000  4.39680E-07  5.02612E-04  5.36179E+02
 3000000000  4.39801E-07  4.12808E-04  5.29806E+02
 4000000000  4.39673E-07  3.53012E-04  5.43403E+02
 5000000000  4.39662E-07  3.13684E-04  5.50569E+02
 6000000000  4.39790E-07  2.86309E-04  5.50706E+02
 7000000000  4.39825E-07  2.65913E-04  5.47219E+02
 8000000000  4.39860E-07  2.48563E-04  5.47989E+02
 9000000000  4.39849E-07  2.33217E-04  5.53348E+02
10000000000  4.39858E-07  2.20894E-04  5.55135E+02
tally   44    1    0
f        1
     53
d        1
u        0
s        0
m        0
c        0
e        0
t        0
vals
  1.44244E-05 0.0006
tfc   10       1       1       1       1       1       1       1       1
 1000000000  1.44217E-05  5.56002E-04  8.76428E+02
 2000000000  1.44185E-05  4.46474E-04  6.79489E+02
 3000000000  1.44214E-05  5.44616E-04  3.04391E+02
 4000000000  1.44199E-05  4.31443E-04  3.63793E+02
 5000000000  1.44361E-05  1.24803E-03  3.47815E+01
 6000000000  1.44331E-05  1.04334E-03  4.14703E+01
 7000000000  1.44311E-05  8.98803E-04  4.78975E+01
 8000000000  1.44286E-05  7.89503E-04  5.43173E+01
 9000000000  1.44269E-05  7.05910E-04  6.03975E+01
10000000000  1.44244E-05  6.37409E-04  6.66698E+01
tally   54    1    0
f        1
     52
d        1
u        0
s        0
m        0
c        0
e        0
t        0
vals
  2.52332E-07 0.0002
tfc   10       1       1       1       1       1       1       1       1
 1000000000  2.52114E-07  5.39720E-04  9.30107E+02
 2000000000  2.52211E-07  3.80497E-04  9.35562E+02
 3000000000  2.52287E-07  3.13456E-04  9.18885E+02
 4000000000  2.52316E-07  2.72241E-04  9.13678E+02
 5000000000  2.52304E-07  2.43772E-04  9.11653E+02
 6000000000  2.52340E-07  2.22905E-04  9.08554E+02
 7000000000  2.52354E-07  2.05980E-04  9.11996E+02
 8000000000  2.52367E-07  1.92044E-04  9.18000E+02
 9000000000  2.52344E-07  1.80774E-04  9.20974E+02
10000000000  2.52332E-07  1.71000E-04  9.26349E+02
tally   64    1    0
f        1
     51
d        1
u        0
s        0
m        0
c        0
e        0
t        0
vals
  1.33463E-07 0.0004
tfc   10       1       1       1       1       1       1       1       1
 1000000000  1.33491E-07  1.28317E-03  1.64551E+02
 2000000000  1.33449E-07  9.15149E-04  1.61730E+02
 3000000000  1.33419E-07  7.46529E-04  1.62002E+02
 4000000000  1.33443E-07  6.69547E-04  1.51057E+02
 5000000000  1.33414E-07  5.94343E-04  1.53364E+02
 6000000000  1.33455E-07  5.47181E-04  1.50774E+02
 7000000000  1.33431E-07  5.01579E-04  1.53803E+02
 8000000000  1.33460E-07  4.70148E-04  1.53171E+02
 9000000000  1.33446E-07  4.42468E-04  1.53728E+02
10000000000  1.33463E-07  4.20862E-04  1.52928E+02
