mcnp       5.mpi 03/05/18 09:47:04     3  1000000000   468919270363
                                                                                
ntal     4
   14   24   34   44
tally   14    2    0
f        1
      1
d        1
u        0
s        0
m        0
c        0
e        0
t        0
vals
  5.32429E-10 0.0022
tfc   10       1       1       1       1       1       1       1       1
  100000000  5.32601E-10  7.21850E-03  9.31246E+01
  200000000  5.33770E-10  4.99244E-03  9.74099E+01
  300000000  5.35729E-10  4.10295E-03  9.61621E+01
  400000000  5.33816E-10  3.58106E-03  9.46915E+01
  500000000  5.33311E-10  3.17449E-03  9.64098E+01
  600000000  5.33473E-10  2.88998E-03  9.69469E+01
  700000000  5.33394E-10  2.68175E-03  9.65132E+01
  800000000  5.32357E-10  2.50868E-03  9.65094E+01
  900000000  5.32148E-10  2.36134E-03  9.68217E+01
 1000000000  5.32429E-10  2.23902E-03  9.69211E+01
tally   24    2    0
f        1
      2
d        1
u        0
s        0
m        0
c        0
e        0
t        0
vals
  4.25603E-10 0.0094
tfc   10       1       1       1       1       1       1       1       1
  100000000  4.17353E-10  2.84704E-02  5.98648E+00
  200000000  4.25228E-10  1.90936E-02  6.65969E+00
  300000000  4.25185E-10  1.51118E-02  7.08871E+00
  400000000  4.27676E-10  1.29356E-02  7.25708E+00
  500000000  4.26877E-10  1.16608E-02  7.14511E+00
  600000000  4.24740E-10  1.05267E-02  7.30704E+00
  700000000  4.23774E-10  9.84655E-03  7.15904E+00
  800000000  4.22806E-10  9.57697E-03  6.62220E+00
  900000000  4.25236E-10  9.15222E-03  6.44522E+00
 1000000000  4.25603E-10  9.35001E-03  5.55790E+00
tally   34    2    0
f        1
      3
d        1
u        0
s        0
m        0
c        0
e        0
t        0
vals
  3.29856E-10 0.0203
tfc   10       1       1       1       1       1       1       1       1
  100000000  3.16422E-10  4.74557E-02  2.15468E+00
  200000000  3.17733E-10  3.23038E-02  2.32659E+00
  300000000  3.13645E-10  2.59918E-02  2.39621E+00
  400000000  3.19838E-10  2.43083E-02  2.05506E+00
  500000000  3.23150E-10  2.24369E-02  1.92993E+00
  600000000  3.24891E-10  2.03672E-02  1.95192E+00
  700000000  3.31369E-10  2.66033E-02  9.80733E-01
  800000000  3.32289E-10  2.39118E-02  1.06227E+00
  900000000  3.30168E-10  2.20150E-02  1.11392E+00
 1000000000  3.29856E-10  2.03127E-02  1.17760E+00
tally   44    2    0
f        1
      4
d        1
u        0
s        0
m        0
c        0
e        0
t        0
vals
  4.76259E-10 0.0644
tfc   10       1       1       1       1       1       1       1       1
  100000000  4.09317E-10  6.25855E-02  1.23883E+00
  200000000  5.66142E-10  2.49543E-01  3.89885E-02
  300000000  5.09503E-10  1.85300E-01  4.71461E-02
  400000000  5.25546E-10  1.40540E-01  6.14802E-02
  500000000  5.11029E-10  1.16253E-01  7.18888E-02
  600000000  5.06692E-10  9.96698E-02  8.15071E-02
  700000000  4.98096E-10  8.71825E-02  9.13196E-02
  800000000  4.84413E-10  7.86136E-02  9.82794E-02
  900000000  4.82320E-10  7.04694E-02  1.08715E-01
 1000000000  4.76259E-10  6.44177E-02  1.17091E-01
