mcnp       5.mpi 02/25/18 11:21:55     3  1000000000   461532807868
 steel-plate                                                                    
ntal     1
    4
tally    4    1    0
f        1
     42
d        1
u        0
s        0
m        0
c        0
e        0
t        0
vals
  1.68678E-12 0.0219
tfc   10       1       1       1       1       1       1       1       1
  100000000  1.66426E-12  4.67534E-02  2.60423E+00
  200000000  1.79681E-12  8.60963E-02  3.52667E-01
  300000000  1.72680E-12  5.98332E-02  5.03453E-01
  400000000  1.71381E-12  4.61486E-02  6.39379E-01
  500000000  1.69947E-12  3.75841E-02  7.76791E-01
  600000000  1.67914E-12  3.17834E-02  9.11363E-01
  700000000  1.66940E-12  2.75229E-02  1.04619E+00
  800000000  1.67198E-12  2.52186E-02  1.09229E+00
  900000000  1.67202E-12  2.27614E-02  1.19366E+00
 1000000000  1.68678E-12  2.19190E-02  1.16110E+00
