mcnp       5.mpi 03/05/18 09:52:15     3  1000000000   482831144850
                                                                                
ntal     4
   14   24   34   44
tally   14    2    0
f        1
      1
d        1
u        0
s        0
m        0
c        0
e        0
t        0
vals
  5.34497E-10 0.0022
tfc   10       1       1       1       1       1       1       1       1
  100000000  5.36099E-10  6.86991E-03  9.99946E+01
  200000000  5.34083E-10  4.83120E-03  1.01161E+02
  300000000  5.34682E-10  3.92375E-03  1.02258E+02
  400000000  5.34873E-10  3.43341E-03  1.00172E+02
  500000000  5.34655E-10  3.05180E-03  1.01434E+02
  600000000  5.35262E-10  2.78302E-03  1.01647E+02
  700000000  5.34534E-10  2.57858E-03  1.01509E+02
  800000000  5.34449E-10  2.41094E-03  1.01628E+02
  900000000  5.34545E-10  2.27346E-03  1.01607E+02
 1000000000  5.34497E-10  2.15364E-03  1.01921E+02
tally   24    2    0
f        1
      2
d        1
u        0
s        0
m        0
c        0
e        0
t        0
vals
  4.28889E-10 0.0094
tfc   10       1       1       1       1       1       1       1       1
  100000000  4.18828E-10  3.07613E-02  4.98733E+00
  200000000  4.24910E-10  1.99001E-02  5.96230E+00
  300000000  4.25647E-10  1.56983E-02  6.38841E+00
  400000000  4.25752E-10  1.31482E-02  6.83070E+00
  500000000  4.30644E-10  1.27106E-02  5.84742E+00
  600000000  4.30509E-10  1.15915E-02  5.85933E+00
  700000000  4.29807E-10  1.05519E-02  6.06186E+00
  800000000  4.30049E-10  1.07245E-02  5.13612E+00
  900000000  4.29238E-10  9.95690E-03  5.29720E+00
 1000000000  4.28889E-10  9.44359E-03  5.30071E+00
tally   34    2    0
f        1
      3
d        1
u        0
s        0
m        0
c        0
e        0
t        0
vals
  3.26312E-10 0.0197
tfc   10       1       1       1       1       1       1       1       1
  100000000  3.23784E-10  5.22368E-02  1.72952E+00
  200000000  3.25870E-10  3.73055E-02  1.69660E+00
  300000000  3.26028E-10  2.82230E-02  1.97647E+00
  400000000  3.33356E-10  2.46763E-02  1.93928E+00
  500000000  3.31262E-10  2.16311E-02  2.01900E+00
  600000000  3.28602E-10  1.93163E-02  2.10997E+00
  700000000  3.32635E-10  2.55889E-02  1.03077E+00
  800000000  3.28912E-10  2.32250E-02  1.09516E+00
  900000000  3.26667E-10  2.12940E-02  1.15820E+00
 1000000000  3.26312E-10  1.97487E-02  1.21208E+00
tally   44    2    0
f        1
      4
d        1
u        0
s        0
m        0
c        0
e        0
t        0
vals
  4.26919E-10 0.0192
tfc   10       1       1       1       1       1       1       1       1
  100000000  4.42425E-10  6.60618E-02  1.08138E+00
  200000000  4.45926E-10  4.71907E-02  1.06026E+00
  300000000  4.30506E-10  3.59089E-02  1.22094E+00
  400000000  4.28416E-10  2.99184E-02  1.31923E+00
  500000000  4.32730E-10  2.62904E-02  1.36678E+00
  600000000  4.29276E-10  2.34535E-02  1.43123E+00
  700000000  4.28819E-10  2.14566E-02  1.46603E+00
  800000000  4.31509E-10  2.18182E-02  1.24094E+00
  900000000  4.33425E-10  2.04951E-02  1.25024E+00
 1000000000  4.26919E-10  1.92358E-02  1.27758E+00
