mcnp       5.mpi 03/05/18 09:46:54     3  1000000000   486967984313
                                                                                
ntal     4
   14   24   34   44
tally   14    2    0
f        1
      1
d        1
u        0
s        0
m        0
c        0
e        0
t        0
vals
  5.33431E-10 0.0029
tfc   10       1       1       1       1       1       1       1       1
  100000000  5.26902E-10  9.38009E-03  5.26437E+01
  200000000  5.28995E-10  6.72700E-03  5.12194E+01
  300000000  5.31822E-10  5.48768E-03  5.13183E+01
  400000000  5.31439E-10  4.57245E-03  5.54486E+01
  500000000  5.32363E-10  4.13046E-03  5.43628E+01
  600000000  5.31537E-10  3.69118E-03  5.67307E+01
  700000000  5.31688E-10  3.44116E-03  5.59606E+01
  800000000  5.32517E-10  3.22945E-03  5.56049E+01
  900000000  5.33065E-10  3.04996E-03  5.54202E+01
 1000000000  5.33431E-10  2.88782E-03  5.56425E+01
tally   24    2    0
f        1
      2
d        1
u        0
s        0
m        0
c        0
e        0
t        0
vals
  4.26292E-10 0.0091
tfc   10       1       1       1       1       1       1       1       1
  100000000  4.39754E-10  3.06843E-02  4.91960E+00
  200000000  4.31111E-10  2.03924E-02  5.57364E+00
  300000000  4.27938E-10  1.66892E-02  5.54853E+00
  400000000  4.30185E-10  1.50749E-02  5.10127E+00
  500000000  4.28472E-10  1.32232E-02  5.30424E+00
  600000000  4.30428E-10  1.21128E-02  5.26816E+00
  700000000  4.31033E-10  1.10786E-02  5.39909E+00
  800000000  4.28645E-10  1.02869E-02  5.48028E+00
  900000000  4.27327E-10  9.68942E-03  5.49111E+00
 1000000000  4.26292E-10  9.08344E-03  5.62400E+00
tally   34    2    0
f        1
      3
d        1
u        0
s        0
m        0
c        0
e        0
t        0
vals
  3.33478E-10 0.0156
tfc   10       1       1       1       1       1       1       1       1
  100000000  3.46713E-10  4.36057E-02  2.43598E+00
  200000000  3.46467E-10  3.92318E-02  1.50591E+00
  300000000  3.44866E-10  2.95930E-02  1.76470E+00
  400000000  3.39569E-10  2.47858E-02  1.88705E+00
  500000000  3.38427E-10  2.27439E-02  1.79296E+00
  600000000  3.39177E-10  2.12718E-02  1.70821E+00
  700000000  3.36447E-10  1.93087E-02  1.77742E+00
  800000000  3.36511E-10  1.78745E-02  1.81511E+00
  900000000  3.35230E-10  1.66839E-02  1.85207E+00
 1000000000  3.33478E-10  1.55560E-02  1.91757E+00
tally   44    2    0
f        1
      4
d        1
u        0
s        0
m        0
c        0
e        0
t        0
vals
  4.27628E-10 0.0201
tfc   10       1       1       1       1       1       1       1       1
  100000000  4.59674E-10  6.29993E-02  1.16705E+00
  200000000  4.33265E-10  4.18726E-02  1.32196E+00
  300000000  4.25893E-10  3.35744E-02  1.37098E+00
  400000000  4.32450E-10  3.05130E-02  1.24514E+00
  500000000  4.25591E-10  2.68847E-02  1.28318E+00
  600000000  4.28719E-10  2.53350E-02  1.20423E+00
  700000000  4.35508E-10  2.42002E-02  1.13151E+00
  800000000  4.34279E-10  2.25283E-02  1.14265E+00
  900000000  4.32796E-10  2.12654E-02  1.14001E+00
 1000000000  4.27628E-10  2.00970E-02  1.14890E+00
