mcnp       5.mpi 02/25/18 17:32:28     3  1000000000   349505768160
 steel-plate                                                                    
ntal     1
    4
tally    4    1    0
f        1
     42
d        1
u        0
s        0
m        0
c        0
e        0
t        0
vals
  1.71301E-12 0.0186
tfc   10       1       1       1       1       1       1       1       1
  100000000  1.59230E-12  9.71957E-03  7.81091E+01
  200000000  1.65886E-12  3.17539E-02  3.60580E+00
  300000000  1.66317E-12  2.44279E-02  4.01369E+00
  400000000  1.66105E-12  1.90189E-02  4.98345E+00
  500000000  1.66328E-12  1.77895E-02  4.57419E+00
  600000000  1.68166E-12  1.89924E-02  3.34418E+00
  700000000  1.68356E-12  1.78026E-02  3.26276E+00
  800000000  1.68586E-12  1.69585E-02  3.15510E+00
  900000000  1.69002E-12  1.62429E-02  3.05723E+00
 1000000000  1.71301E-12  1.85692E-02  2.09513E+00
