mcnp       5.mpi 03/05/18 09:54:32     4  1000000000   355421454088
                                                                                
ntal     4
   14   24   34   44
tally   14    2    0
f        1
      1
d        1
u        0
s        0
m        0
c        0
e        0
t        0
vals
  5.30258E-10 0.0047
tfc   10       1       1       1       1       1       1       1       1
  100000000  5.47743E-10  1.40405E-02  1.44319E+01
  200000000  5.35319E-10  9.95893E-03  1.43677E+01
  300000000  5.33703E-10  8.31334E-03  1.37581E+01
  400000000  5.32012E-10  7.31102E-03  1.33430E+01
  500000000  5.34752E-10  6.80124E-03  1.23329E+01
  600000000  5.33188E-10  6.16744E-03  1.24970E+01
  700000000  5.33473E-10  5.73982E-03  1.23681E+01
  800000000  5.32422E-10  5.34935E-03  1.24622E+01
  900000000  5.30469E-10  5.00503E-03  1.26564E+01
 1000000000  5.30258E-10  4.71354E-03  1.28425E+01
tally   24    2    0
f        1
      2
d        1
u        0
s        0
m        0
c        0
e        0
t        0
vals
  4.31380E-10 0.0066
tfc   10       1       1       1       1       1       1       1       1
  100000000  4.50596E-10  4.13976E-02  1.66011E+00
  200000000  4.36416E-10  2.26344E-02  2.78147E+00
  300000000  4.35414E-10  1.59365E-02  3.74386E+00
  400000000  4.34556E-10  1.27585E-02  4.38136E+00
  500000000  4.32021E-10  1.09786E-02  4.73309E+00
  600000000  4.32920E-10  9.49419E-03  5.27350E+00
  700000000  4.32880E-10  8.41321E-03  5.75674E+00
  800000000  4.33723E-10  7.76374E-03  5.91637E+00
  900000000  4.32828E-10  7.14595E-03  6.20874E+00
 1000000000  4.31380E-10  6.59919E-03  6.55185E+00
tally   34    2    0
f        1
      3
d        1
u        0
s        0
m        0
c        0
e        0
t        0
vals
  3.37106E-10 0.0110
tfc   10       1       1       1       1       1       1       1       1
  100000000  3.48111E-10  3.97507E-02  1.80053E+00
  200000000  3.46933E-10  2.47192E-02  2.33208E+00
  300000000  3.40344E-10  1.88697E-02  2.67040E+00
  400000000  3.38329E-10  1.54827E-02  2.97520E+00
  500000000  3.39953E-10  1.66025E-02  2.06963E+00
  600000000  3.38741E-10  1.46919E-02  2.20220E+00
  700000000  3.37607E-10  1.31871E-02  2.34314E+00
  800000000  3.38471E-10  1.24293E-02  2.30838E+00
  900000000  3.38468E-10  1.15445E-02  2.37889E+00
 1000000000  3.37106E-10  1.10165E-02  2.35101E+00
tally   44    2    0
f        1
      4
d        1
u        0
s        0
m        0
c        0
e        0
t        0
vals
  4.44983E-10 0.0171
tfc   10       1       1       1       1       1       1       1       1
  100000000  4.56825E-10  4.68279E-02  1.29742E+00
  200000000  4.40093E-10  2.70354E-02  1.94961E+00
  300000000  4.45324E-10  2.53400E-02  1.48080E+00
  400000000  4.36729E-10  2.02779E-02  1.73446E+00
  500000000  4.40227E-10  1.79870E-02  1.76329E+00
  600000000  4.39536E-10  1.61281E-02  1.82746E+00
  700000000  4.44795E-10  1.79591E-02  1.26337E+00
  800000000  4.48183E-10  2.05732E-02  8.42546E-01
  900000000  4.43922E-10  1.86131E-02  9.15135E-01
 1000000000  4.44983E-10  1.70662E-02  9.79645E-01
