mcnp       5.mpi 02/27/18 13:15:24    11 10000000000  6802537180036
 dlvn                                                                           
ntal     6
   14   24   34   44   54   64
tally   14    1    0
f        1
     56
d        1
u        0
s        0
m        0
c        0
e        0
t        0
vals
  7.08392E-07 0.0004
tfc   10       1       1       1       1       1       1       1       1
 1000000000  7.07937E-07  1.52064E-03  9.71554E+01
 2000000000  7.08308E-07  9.51562E-04  1.23977E+02
 3000000000  7.08489E-07  8.00640E-04  1.16728E+02
 4000000000  7.08381E-07  6.61587E-04  1.28236E+02
 5000000000  7.08308E-07  5.66643E-04  1.39853E+02
 6000000000  7.08355E-07  5.11622E-04  1.42951E+02
 7000000000  7.08660E-07  5.61192E-04  1.01836E+02
 8000000000  7.08598E-07  5.16430E-04  1.05230E+02
 9000000000  7.08465E-07  4.71689E-04  1.12090E+02
10000000000  7.08392E-07  4.36607E-04  1.17749E+02
tally   24    1    0
f        1
     55
d        1
u        0
s        0
m        0
c        0
e        0
t        0
vals
  2.47721E-06 0.0009
tfc   10       1       1       1       1       1       1       1       1
 1000000000  2.47353E-06  5.03468E-04  8.86294E+02
 2000000000  2.47539E-06  3.55619E-04  8.87658E+02
 3000000000  2.47514E-06  2.86125E-04  9.13978E+02
 4000000000  2.47497E-06  2.47165E-04  9.18776E+02
 5000000000  2.47493E-06  2.20147E-04  9.26537E+02
 6000000000  2.47504E-06  2.00748E-04  9.28508E+02
 7000000000  2.47529E-06  1.86787E-04  9.19246E+02
 8000000000  2.47528E-06  1.76054E-04  9.05466E+02
 9000000000  2.47767E-06  9.80525E-04  2.59395E+01
10000000000  2.47721E-06  8.83961E-04  2.87258E+01
tally   34    1    0
f        1
     54
d        1
u        0
s        0
m        0
c        0
e        0
t        0
vals
  4.39940E-07 0.0002
tfc   10       1       1       1       1       1       1       1       1
 1000000000  4.39885E-07  7.44616E-04  4.05188E+02
 2000000000  4.40263E-07  5.41268E-04  3.83170E+02
 3000000000  4.40280E-07  4.46299E-04  3.75662E+02
 4000000000  4.40203E-07  3.84305E-04  3.80041E+02
 5000000000  4.40066E-07  3.41738E-04  3.84507E+02
 6000000000  4.40019E-07  3.11188E-04  3.86402E+02
 7000000000  4.40011E-07  2.88464E-04  3.85425E+02
 8000000000  4.39938E-07  2.68932E-04  3.88043E+02
 9000000000  4.39969E-07  2.52997E-04  3.89627E+02
10000000000  4.39940E-07  2.39680E-04  3.90729E+02
tally   44    1    0
f        1
     53
d        1
u        0
s        0
m        0
c        0
e        0
t        0
vals
  1.44665E-05 0.0027
tfc   10       1       1       1       1       1       1       1       1
 1000000000  1.44212E-05  7.76877E-04  3.72235E+02
 2000000000  1.44296E-05  1.05196E-03  1.01441E+02
 3000000000  1.44296E-05  9.09340E-04  9.04891E+01
 4000000000  1.44236E-05  6.96516E-04  1.15697E+02
 5000000000  1.44218E-05  5.84127E-04  1.31606E+02
 6000000000  1.44213E-05  5.11384E-04  1.43085E+02
 7000000000  1.44249E-05  4.84407E-04  1.36679E+02
 8000000000  1.44214E-05  4.28852E-04  1.52598E+02
 9000000000  1.44734E-05  3.02564E-03  2.72424E+00
10000000000  1.44665E-05  2.72501E-03  3.02276E+00
tally   54    1    0
f        1
     52
d        1
u        0
s        0
m        0
c        0
e        0
t        0
vals
  2.52246E-07 0.0002
tfc   10       1       1       1       1       1       1       1       1
 1000000000  2.52051E-07  5.24304E-04  8.17253E+02
 2000000000  2.52349E-07  3.79573E-04  7.79158E+02
 3000000000  2.52289E-07  3.11870E-04  7.69309E+02
 4000000000  2.52287E-07  2.72104E-04  7.58076E+02
 5000000000  2.52242E-07  2.42233E-04  7.65283E+02
 6000000000  2.52226E-07  2.20660E-04  7.68495E+02
 7000000000  2.52230E-07  2.05796E-04  7.57270E+02
 8000000000  2.52221E-07  1.93197E-04  7.51904E+02
 9000000000  2.52248E-07  1.82808E-04  7.46254E+02
10000000000  2.52246E-07  1.73362E-04  7.46849E+02
tally   64    1    0
f        1
     51
d        1
u        0
s        0
m        0
c        0
e        0
t        0
vals
  1.33429E-07 0.0002
tfc   10       1       1       1       1       1       1       1       1
 1000000000  1.33366E-07  6.48696E-04  5.33875E+02
 2000000000  1.33487E-07  4.56239E-04  5.39300E+02
 3000000000  1.33425E-07  3.72505E-04  5.39244E+02
 4000000000  1.33414E-07  3.23839E-04  5.35211E+02
 5000000000  1.33424E-07  2.89721E-04  5.34971E+02
 6000000000  1.33429E-07  2.64471E-04  5.34973E+02
 7000000000  1.33442E-07  2.49901E-04  5.13557E+02
 8000000000  1.33428E-07  2.33393E-04  5.15211E+02
 9000000000  1.33424E-07  2.19753E-04  5.16425E+02
10000000000  1.33429E-07  2.08715E-04  5.15268E+02
