mcnp       5.mpi 02/26/18 03:42:58    11 10000000000  4565587867424
 dlvn                                                                           
ntal     6
   14   24   34   44   54   64
tally   14    1    0
f        1
     56
d        1
u        0
s        0
m        0
c        0
e        0
t        0
vals
  6.99042E-07 0.0112
tfc   10       1       1       1       1       1       1       1       1
 1000000000  6.97685E-07  2.87725E-02  5.02325E-01
 2000000000  6.95648E-07  1.90001E-02  5.72310E-01
 3000000000  6.96657E-07  1.49659E-02  6.14598E-01
 4000000000  6.89950E-07  1.28863E-02  6.23521E-01
 5000000000  6.86972E-07  1.17873E-02  5.95687E-01
 6000000000  6.90239E-07  1.19765E-02  4.80478E-01
 7000000000  6.91604E-07  1.10759E-02  4.81765E-01
 8000000000  6.94028E-07  1.05861E-02  4.61256E-01
 9000000000  7.00896E-07  1.20862E-02  3.13121E-01
10000000000  6.99042E-07  1.11713E-02  3.30032E-01
tally   24    1    0
f        1
     55
d        1
u        0
s        0
m        0
c        0
e        0
t        0
vals
  3.75568E-06 0.3773
tfc   10       1       1       1       1       1       1       1       1
 1000000000  2.69743E-06  2.76833E-01  5.42633E-03
 2000000000  2.43876E-06  1.65878E-01  7.50874E-03
 3000000000  2.31518E-06  1.21316E-01  9.35324E-03
 4000000000  2.26150E-06  9.59329E-02  1.12504E-02
 5000000000  2.33195E-06  1.01912E-01  7.96882E-03
 6000000000  2.28221E-06  8.73077E-02  9.04118E-03
 7000000000  2.28238E-06  7.74419E-02  9.85465E-03
 8000000000  2.37852E-06  8.30898E-02  7.48721E-03
 9000000000  3.92398E-06  4.01153E-01  2.84233E-04
10000000000  3.75568E-06  3.77288E-01  2.89345E-04
tally   34    1    0
f        1
     54
d        1
u        0
s        0
m        0
c        0
e        0
t        0
vals
  4.27238E-07 0.0223
tfc   10       1       1       1       1       1       1       1       1
 1000000000  4.23158E-07  4.87581E-02  1.74923E-01
 2000000000  4.35216E-07  5.66307E-02  6.44226E-02
 3000000000  4.27138E-07  4.02258E-02  8.50727E-02
 4000000000  4.14487E-07  3.13984E-02  1.05024E-01
 5000000000  4.17698E-07  3.15058E-02  8.33803E-02
 6000000000  4.16243E-07  2.72502E-02  9.28090E-02
 7000000000  4.21711E-07  2.60506E-02  8.70876E-02
 8000000000  4.25893E-07  2.62789E-02  7.48519E-02
 9000000000  4.25113E-07  2.37499E-02  8.10905E-02
10000000000  4.27238E-07  2.23344E-02  8.25684E-02
tally   44    1    0
f        1
     53
d        1
u        0
s        0
m        0
c        0
e        0
t        0
vals
  1.39148E-05 0.0442
tfc   10       1       1       1       1       1       1       1       1
 1000000000  1.13009E-05  5.01170E-02  1.65566E-01
 2000000000  1.32297E-05  6.45448E-02  4.95929E-02
 3000000000  1.39186E-05  7.85459E-02  2.23127E-02
 4000000000  1.45888E-05  7.99545E-02  1.61964E-02
 5000000000  1.45952E-05  7.11180E-02  1.63639E-02
 6000000000  1.43094E-05  6.24761E-02  1.76564E-02
 7000000000  1.43060E-05  5.76088E-02  1.78080E-02
 8000000000  1.41268E-05  5.20603E-02  1.90723E-02
 9000000000  1.40821E-05  4.77243E-02  2.00823E-02
10000000000  1.39148E-05  4.41819E-02  2.10996E-02
tally   54    1    0
f        1
     52
d        1
u        0
s        0
m        0
c        0
e        0
t        0
vals
  2.35310E-07 0.0242
tfc   10       1       1       1       1       1       1       1       1
 1000000000  2.18836E-07  4.50921E-02  2.04522E-01
 2000000000  2.26273E-07  5.04421E-02  8.12001E-02
 3000000000  2.28564E-07  3.94555E-02  8.84268E-02
 4000000000  2.25331E-07  3.14425E-02  1.04730E-01
 5000000000  2.30498E-07  3.40817E-02  7.12530E-02
 6000000000  2.29820E-07  2.96798E-02  7.82362E-02
 7000000000  2.29834E-07  2.67099E-02  8.28414E-02
 8000000000  2.33426E-07  2.79353E-02  6.62383E-02
 9000000000  2.33765E-07  2.55791E-02  6.99076E-02
10000000000  2.35310E-07  2.42209E-02  7.02072E-02
tally   64    1    0
f        1
     51
d        1
u        0
s        0
m        0
c        0
e        0
t        0
vals
  1.20240E-07 0.0426
tfc   10       1       1       1       1       1       1       1       1
 1000000000  1.14938E-07  7.88203E-02  6.69367E-02
 2000000000  1.15713E-07  5.99089E-02  5.75651E-02
 3000000000  1.16632E-07  5.91252E-02  3.93780E-02
 4000000000  1.13666E-07  4.73415E-02  4.61977E-02
 5000000000  1.21551E-07  5.96890E-02  2.32304E-02
 6000000000  1.21008E-07  5.28194E-02  2.47027E-02
 7000000000  1.17838E-07  4.67180E-02  2.70785E-02
 8000000000  1.16834E-07  4.18133E-02  2.95657E-02
 9000000000  1.15971E-07  3.79246E-02  3.18018E-02
10000000000  1.20240E-07  4.26215E-02  2.26728E-02
