mcnp       5.mpi 03/05/18 09:47:38     3  1000000000   345367084629
                                                                                
ntal     4
   14   24   34   44
tally   14    2    0
f        1
      1
d        1
u        0
s        0
m        0
c        0
e        0
t        0
vals
  5.36311E-10 0.0036
tfc   10       1       1       1       1       1       1       1       1
  100000000  5.37509E-10  1.07941E-02  5.32280E+01
  200000000  5.33993E-10  7.66905E-03  5.27529E+01
  300000000  5.39619E-10  7.35837E-03  3.82080E+01
  400000000  5.40645E-10  6.20727E-03  4.02744E+01
  500000000  5.39131E-10  5.41919E-03  4.22765E+01
  600000000  5.38844E-10  4.86723E-03  4.36749E+01
  700000000  5.37302E-10  4.43736E-03  4.50444E+01
  800000000  5.36888E-10  4.11860E-03  4.57542E+01
  900000000  5.36071E-10  3.85594E-03  4.63993E+01
 1000000000  5.36311E-10  3.64984E-03  4.66094E+01
tally   24    2    0
f        1
      2
d        1
u        0
s        0
m        0
c        0
e        0
t        0
vals
  4.49198E-10 0.0361
tfc   10       1       1       1       1       1       1       1       1
  100000000  4.30308E-10  3.69140E-02  4.55128E+00
  200000000  4.32427E-10  2.35631E-02  5.58812E+00
  300000000  4.33187E-10  1.90769E-02  5.68465E+00
  400000000  4.36031E-10  1.63374E-02  5.81389E+00
  500000000  4.73589E-10  6.69753E-02  2.76783E-01
  600000000  4.64267E-10  5.72302E-02  3.15896E-01
  700000000  4.57487E-10  4.98904E-02  3.56332E-01
  800000000  4.55074E-10  4.42966E-02  3.95538E-01
  900000000  4.50563E-10  3.98664E-02  4.34068E-01
 1000000000  4.49198E-10  3.61236E-02  4.75816E-01
tally   34    2    0
f        1
      3
d        1
u        0
s        0
m        0
c        0
e        0
t        0
vals
  3.33805E-10 0.0183
tfc   10       1       1       1       1       1       1       1       1
  100000000  3.42565E-10  5.51316E-02  2.04039E+00
  200000000  3.30611E-10  3.65551E-02  2.32185E+00
  300000000  3.39415E-10  3.05667E-02  2.21422E+00
  400000000  3.32512E-10  2.59241E-02  2.30900E+00
  500000000  3.33277E-10  2.33106E-02  2.28486E+00
  600000000  3.29698E-10  2.07986E-02  2.39182E+00
  700000000  3.26956E-10  1.90356E-02  2.44768E+00
  800000000  3.28529E-10  1.82167E-02  2.33879E+00
  900000000  3.32129E-10  1.92455E-02  1.86258E+00
 1000000000  3.33805E-10  1.82576E-02  1.86267E+00
tally   44    2    0
f        1
      4
d        1
u        0
s        0
m        0
c        0
e        0
t        0
vals
  4.35017E-10 0.0243
tfc   10       1       1       1       1       1       1       1       1
  100000000  4.00252E-10  6.67832E-02  1.39053E+00
  200000000  4.23210E-10  4.66129E-02  1.42796E+00
  300000000  4.23501E-10  3.70161E-02  1.50986E+00
  400000000  4.24095E-10  3.17315E-02  1.54117E+00
  500000000  4.29818E-10  2.81933E-02  1.56199E+00
  600000000  4.30365E-10  2.60613E-02  1.52336E+00
  700000000  4.32768E-10  2.46995E-02  1.45383E+00
  800000000  4.39993E-10  2.82522E-02  9.72357E-01
  900000000  4.38110E-10  2.61037E-02  1.01244E+00
 1000000000  4.35017E-10  2.43273E-02  1.04914E+00
