mcnp       5.mpi 02/27/18 10:28:35    11 10000000000  6829751554311
 dlvn                                                                           
ntal     6
   14   24   34   44   54   64
tally   14    1    0
f        1
     56
d        1
u        0
s        0
m        0
c        0
e        0
t        0
vals
  7.08594E-07 0.0004
tfc   10       1       1       1       1       1       1       1       1
 1000000000  7.06418E-07  1.01524E-03  2.16349E+02
 2000000000  7.07881E-07  8.22662E-04  1.64604E+02
 3000000000  7.07608E-07  6.45157E-04  1.78429E+02
 4000000000  7.08174E-07  6.57540E-04  1.28864E+02
 5000000000  7.08173E-07  5.68627E-04  1.37861E+02
 6000000000  7.08467E-07  5.20041E-04  1.37359E+02
 7000000000  7.08712E-07  4.86022E-04  1.34784E+02
 8000000000  7.08658E-07  4.62451E-04  1.30275E+02
 9000000000  7.08481E-07  4.28099E-04  1.35132E+02
10000000000  7.08594E-07  4.22900E-04  1.24624E+02
tally   24    1    0
f        1
     55
d        1
u        0
s        0
m        0
c        0
e        0
t        0
vals
  2.47421E-06 0.0002
tfc   10       1       1       1       1       1       1       1       1
 1000000000  2.47284E-06  5.05351E-04  8.73179E+02
 2000000000  2.47398E-06  3.50952E-04  9.04458E+02
 3000000000  2.47430E-06  2.83691E-04  9.22792E+02
 4000000000  2.47396E-06  2.44068E-04  9.35305E+02
 5000000000  2.47408E-06  2.18272E-04  9.35623E+02
 6000000000  2.47433E-06  1.99643E-04  9.32019E+02
 7000000000  2.47443E-06  1.84405E-04  9.36282E+02
 8000000000  2.47416E-06  1.72683E-04  9.34314E+02
 9000000000  2.47434E-06  1.62777E-04  9.34673E+02
10000000000  2.47421E-06  1.54262E-04  9.36606E+02
tally   34    1    0
f        1
     54
d        1
u        0
s        0
m        0
c        0
e        0
t        0
vals
  4.39947E-07 0.0002
tfc   10       1       1       1       1       1       1       1       1
 1000000000  4.40125E-07  7.79059E-04  3.67409E+02
 2000000000  4.40292E-07  5.61683E-04  3.53104E+02
 3000000000  4.40331E-07  4.53892E-04  3.60489E+02
 4000000000  4.40096E-07  3.88255E-04  3.69609E+02
 5000000000  4.39990E-07  3.45107E-04  3.74275E+02
 6000000000  4.39977E-07  3.14409E-04  3.75789E+02
 7000000000  4.40016E-07  2.91131E-04  3.75640E+02
 8000000000  4.39977E-07  2.71515E-04  3.77925E+02
 9000000000  4.39970E-07  2.55010E-04  3.80828E+02
10000000000  4.39947E-07  2.42223E-04  3.79881E+02
tally   44    1    0
f        1
     53
d        1
u        0
s        0
m        0
c        0
e        0
t        0
vals
  1.44163E-05 0.0004
tfc   10       1       1       1       1       1       1       1       1
 1000000000  1.44084E-05  6.38208E-04  5.47477E+02
 2000000000  1.44016E-05  4.06953E-04  6.72661E+02
 3000000000  1.44074E-05  4.49612E-04  3.67384E+02
 4000000000  1.44065E-05  3.65768E-04  4.16451E+02
 5000000000  1.44113E-05  4.83332E-04  1.90812E+02
 6000000000  1.44105E-05  4.14592E-04  2.16118E+02
 7000000000  1.44106E-05  3.68289E-04  2.34732E+02
 8000000000  1.44128E-05  3.57598E-04  2.17873E+02
 9000000000  1.44158E-05  3.70132E-04  1.80772E+02
10000000000  1.44163E-05  3.76584E-04  1.57164E+02
tally   54    1    0
f        1
     52
d        1
u        0
s        0
m        0
c        0
e        0
t        0
vals
  2.52198E-07 0.0002
tfc   10       1       1       1       1       1       1       1       1
 1000000000  2.52214E-07  5.29173E-04  7.96334E+02
 2000000000  2.52244E-07  3.78257E-04  7.78592E+02
 3000000000  2.52245E-07  3.13763E-04  7.54382E+02
 4000000000  2.52222E-07  2.74231E-04  7.40869E+02
 5000000000  2.52185E-07  2.43732E-04  7.50365E+02
 6000000000  2.52168E-07  2.22382E-04  7.51162E+02
 7000000000  2.52186E-07  2.05995E-04  7.50301E+02
 8000000000  2.52189E-07  1.93651E-04  7.42939E+02
 9000000000  2.52206E-07  1.82414E-04  7.44268E+02
10000000000  2.52198E-07  1.73399E-04  7.41283E+02
tally   64    1    0
f        1
     51
d        1
u        0
s        0
m        0
c        0
e        0
t        0
vals
  1.33408E-07 0.0002
tfc   10       1       1       1       1       1       1       1       1
 1000000000  1.33389E-07  6.43718E-04  5.38144E+02
 2000000000  1.33479E-07  4.61785E-04  5.22402E+02
 3000000000  1.33472E-07  4.28004E-04  4.05415E+02
 4000000000  1.33397E-07  3.57432E-04  4.36103E+02
 5000000000  1.33394E-07  3.14553E-04  4.50513E+02
 6000000000  1.33407E-07  2.82932E-04  4.64054E+02
 7000000000  1.33407E-07  2.63802E-04  4.57501E+02
 8000000000  1.33406E-07  2.44439E-04  4.66284E+02
 9000000000  1.33400E-07  2.29136E-04  4.71691E+02
10000000000  1.33408E-07  2.18080E-04  4.68647E+02
