mcnp       5.mpi 02/25/18 13:50:34     3  1000000000   393669558874
 steel-plate                                                                    
ntal     1
    4
tally    4    1    0
f        1
     42
d        1
u        0
s        0
m        0
c        0
e        0
t        0
vals
  2.97963E-12 0.3627
tfc   10       1       1       1       1       1       1       1       1
  100000000  1.58531E-12  1.05768E-02  6.20431E+01
  200000000  1.60469E-12  9.91986E-03  3.49928E+01
  300000000  1.62549E-12  1.47101E-02  1.03037E+01
  400000000  1.66952E-12  2.40296E-02  2.89462E+00
  500000000  3.80532E-12  5.60543E-01  4.22101E-03
  600000000  3.44319E-12  5.16249E-01  4.17081E-03
  700000000  3.18139E-12  4.78914E-01  4.17127E-03
  800000000  2.99158E-12  4.45641E-01  4.21749E-03
  900000000  3.13156E-12  3.83422E-01  4.85237E-03
 1000000000  2.97963E-12  3.62676E-01  4.91828E-03
