mcnp       5.mpi 02/25/18 07:20:33     3  1000000000   403766063912
 steel-plate                                                                    
ntal     1
    4
tally    4    1    0
f        1
     42
d        1
u        0
s        0
m        0
c        0
e        0
t        0
vals
  2.88600E-12 0.2011
tfc   10       1       1       1       1       1       1       1       1
  100000000  1.61642E-12  1.18240E-02  5.15127E+01
  200000000  2.23528E-12  2.73480E-01  4.77948E-02
  300000000  2.89854E-12  2.82916E-01  2.32941E-02
  400000000  2.57873E-12  2.38516E-01  2.59083E-02
  500000000  3.41871E-12  3.29415E-01  1.08960E-02
  600000000  3.45966E-12  2.77909E-01  1.24999E-02
  700000000  3.20844E-12  2.56887E-01  1.28983E-02
  800000000  3.06004E-12  2.36040E-01  1.35444E-02
  900000000  3.01687E-12  2.13772E-01  1.48170E-02
 1000000000  2.88600E-12  2.01141E-01  1.52560E-02
