mcnp       5.mpi 03/05/18 09:47:59     3  1000000000   473761201686
                                                                                
ntal     4
   14   24   34   44
tally   14    2    0
f        1
      1
d        1
u        0
s        0
m        0
c        0
e        0
t        0
vals
  5.32587E-10 0.0022
tfc   10       1       1       1       1       1       1       1       1
  100000000  5.36867E-10  7.01507E-03  9.80286E+01
  200000000  5.33007E-10  4.88843E-03  1.00995E+02
  300000000  5.33924E-10  3.97611E-03  1.01780E+02
  400000000  5.35245E-10  3.47759E-03  9.97918E+01
  500000000  5.34404E-10  3.08883E-03  1.01196E+02
  600000000  5.34318E-10  2.81458E-03  1.01571E+02
  700000000  5.33438E-10  2.60817E-03  1.01395E+02
  800000000  5.32808E-10  2.45178E-03  1.00400E+02
  900000000  5.32670E-10  2.30997E-03  1.00531E+02
 1000000000  5.32587E-10  2.18757E-03  1.00883E+02
tally   24    2    0
f        1
      2
d        1
u        0
s        0
m        0
c        0
e        0
t        0
vals
  4.31992E-10 0.0108
tfc   10       1       1       1       1       1       1       1       1
  100000000  4.39958E-10  3.68552E-02  3.55157E+00
  200000000  4.31080E-10  2.21618E-02  4.91394E+00
  300000000  4.30252E-10  1.71404E-02  5.47692E+00
  400000000  4.33158E-10  1.46458E-02  5.62634E+00
  500000000  4.31268E-10  1.33512E-02  5.41639E+00
  600000000  4.31167E-10  1.19892E-02  5.59778E+00
  700000000  4.34539E-10  1.27830E-02  4.22105E+00
  800000000  4.34145E-10  1.24996E-02  3.86282E+00
  900000000  4.32843E-10  1.14824E-02  4.06862E+00
 1000000000  4.31992E-10  1.07525E-02  4.17563E+00
tally   34    2    0
f        1
      3
d        1
u        0
s        0
m        0
c        0
e        0
t        0
vals
  3.36496E-10 0.0208
tfc   10       1       1       1       1       1       1       1       1
  100000000  3.14294E-10  4.83342E-02  2.06495E+00
  200000000  3.33430E-10  4.52667E-02  1.17783E+00
  300000000  3.35289E-10  3.36017E-02  1.42514E+00
  400000000  3.34944E-10  2.76998E-02  1.57289E+00
  500000000  3.37212E-10  2.50910E-02  1.53362E+00
  600000000  3.33334E-10  2.21723E-02  1.63672E+00
  700000000  3.38358E-10  2.71752E-02  9.33988E-01
  800000000  3.37367E-10  2.45614E-02  1.00045E+00
  900000000  3.35724E-10  2.25780E-02  1.05230E+00
 1000000000  3.36496E-10  2.08379E-02  1.11183E+00
tally   44    2    0
f        1
      4
d        1
u        0
s        0
m        0
c        0
e        0
t        0
vals
  4.21293E-10 0.0200
tfc   10       1       1       1       1       1       1       1       1
  100000000  4.46041E-10  5.71703E-02  1.47597E+00
  200000000  4.19506E-10  3.87865E-02  1.60428E+00
  300000000  4.20352E-10  3.06610E-02  1.71162E+00
  400000000  4.21886E-10  2.70501E-02  1.64935E+00
  500000000  4.23597E-10  2.43246E-02  1.63178E+00
  600000000  4.21752E-10  2.21801E-02  1.63557E+00
  700000000  4.20499E-10  2.10168E-02  1.56155E+00
  800000000  4.20607E-10  2.20475E-02  1.24160E+00
  900000000  4.22183E-10  2.09682E-02  1.22009E+00
 1000000000  4.21293E-10  2.00187E-02  1.20468E+00
