mcnp       5.mpi 03/02/18 13:46:51     2  1000000000   182084343484
                                                                                
ntal     4
   14   24   34   44
tally   14    2    0
f        1
      1
d        1
u        0
s        0
m        0
c        0
e        0
t        0
vals
  5.32285E-10 0.0040
tfc   10       1       1       1       1       1       1       1       1
  100000000  5.24356E-10  1.20975E-02  5.55228E+01
  200000000  5.27092E-10  8.51028E-03  5.60985E+01
  300000000  5.28003E-10  7.07533E-03  5.41102E+01
  400000000  5.28589E-10  6.11935E-03  5.42565E+01
  500000000  5.27060E-10  5.47389E-03  5.42442E+01
  600000000  5.28931E-10  5.02066E-03  5.37318E+01
  700000000  5.30823E-10  4.71922E-03  5.21286E+01
  800000000  5.31359E-10  4.44159E-03  5.14915E+01
  900000000  5.31467E-10  4.18382E-03  5.15817E+01
 1000000000  5.32285E-10  3.97874E-03  5.13315E+01
tally   24    2    0
f        1
      2
d        1
u        0
s        0
m        0
c        0
e        0
t        0
vals
  4.34661E-10 0.0030
tfc   10       1       1       1       1       1       1       1       1
  100000000  4.32965E-10  9.02388E-03  9.97871E+01
  200000000  4.33342E-10  6.51722E-03  9.56563E+01
  300000000  4.35622E-10  5.42614E-03  9.20008E+01
  400000000  4.34582E-10  4.72514E-03  9.09983E+01
  500000000  4.34241E-10  4.25039E-03  8.99680E+01
  600000000  4.34256E-10  3.86426E-03  9.07024E+01
  700000000  4.33236E-10  3.57108E-03  9.10366E+01
  800000000  4.33321E-10  3.35775E-03  9.00981E+01
  900000000  4.34055E-10  3.15943E-03  9.04531E+01
 1000000000  4.34661E-10  3.02107E-03  8.90338E+01
tally   34    2    0
f        1
      3
d        1
u        0
s        0
m        0
c        0
e        0
t        0
vals
  3.39473E-10 0.0025
tfc   10       1       1       1       1       1       1       1       1
  100000000  3.40180E-10  7.95405E-03  1.28435E+02
  200000000  3.38111E-10  5.58587E-03  1.30214E+02
  300000000  3.36763E-10  4.52787E-03  1.32125E+02
  400000000  3.37501E-10  3.92720E-03  1.31734E+02
  500000000  3.37992E-10  3.50671E-03  1.32174E+02
  600000000  3.38585E-10  3.19681E-03  1.32532E+02
  700000000  3.38359E-10  2.96405E-03  1.32143E+02
  800000000  3.38571E-10  2.77099E-03  1.32294E+02
  900000000  3.38620E-10  2.61445E-03  1.32094E+02
 1000000000  3.39473E-10  2.48740E-03  1.31336E+02
tally   44    2    0
f        1
      4
d        1
u        0
s        0
m        0
c        0
e        0
t        0
vals
  4.40748E-10 0.0034
tfc   10       1       1       1       1       1       1       1       1
  100000000  4.43156E-10  1.07839E-02  6.98732E+01
  200000000  4.40586E-10  7.53056E-03  7.16447E+01
  300000000  4.38773E-10  6.13876E-03  7.18805E+01
  400000000  4.40595E-10  5.31663E-03  7.18771E+01
  500000000  4.41754E-10  4.80186E-03  7.04899E+01
  600000000  4.41555E-10  4.40540E-03  6.97881E+01
  700000000  4.41200E-10  4.07292E-03  6.99850E+01
  800000000  4.41336E-10  3.82398E-03  6.94673E+01
  900000000  4.41185E-10  3.61207E-03  6.92039E+01
 1000000000  4.40748E-10  3.42342E-03  6.93353E+01
