mcnp       5.mpi 02/25/18 22:10:50     3  1000000000   368229630049
 steel-plate                                                                    
ntal     1
    4
tally    4    1    0
f        1
     42
d        1
u        0
s        0
m        0
c        0
e        0
t        0
vals
  1.87533E-12 0.0833
tfc   10       1       1       1       1       1       1       1       1
  100000000  1.65452E-12  3.78549E-02  4.86354E+00
  200000000  1.65963E-12  2.50231E-02  5.71487E+00
  300000000  1.68244E-12  3.35604E-02  1.93382E+00
  400000000  1.67013E-12  2.55993E-02  2.56125E+00
  500000000  1.67058E-12  2.23556E-02  2.71483E+00
  600000000  1.67356E-12  2.06822E-02  2.67840E+00
  700000000  1.65934E-12  1.79152E-02  3.09286E+00
  800000000  1.69669E-12  2.25982E-02  1.69439E+00
  900000000  1.90361E-12  9.11247E-02  8.93945E-02
 1000000000  1.87533E-12  8.32640E-02  9.72346E-02
