mcnp       5.mpi 02/26/18 05:52:49    11 10000000000  6975390574560
 dlvn                                                                           
ntal     6
   14   24   34   44   54   64
tally   14    1    0
f        1
     56
d        1
u        0
s        0
m        0
c        0
e        0
t        0
vals
  7.08112E-07 0.0002
tfc   10       1       1       1       1       1       1       1       1
 1000000000  7.08480E-07  6.01676E-04  8.11453E+02
 2000000000  7.08551E-07  4.20460E-04  8.30733E+02
 3000000000  7.08136E-07  3.43160E-04  8.31627E+02
 4000000000  7.08243E-07  3.01917E-04  8.05588E+02
 5000000000  7.08169E-07  2.70301E-04  8.04074E+02
 6000000000  7.08168E-07  2.45734E-04  8.10683E+02
 7000000000  7.08259E-07  2.28725E-04  8.01888E+02
 8000000000  7.08143E-07  2.13976E-04  8.01769E+02
 9000000000  7.08140E-07  2.04572E-04  7.79656E+02
10000000000  7.08112E-07  1.93541E-04  7.83947E+02
tally   24    1    0
f        1
     55
d        1
u        0
s        0
m        0
c        0
e        0
t        0
vals
  2.47311E-06 0.0003
tfc   10       1       1       1       1       1       1       1       1
 1000000000  2.47183E-06  6.24350E-04  7.53585E+02
 2000000000  2.47142E-06  5.01048E-04  5.84995E+02
 3000000000  2.47142E-06  4.02605E-04  6.04175E+02
 4000000000  2.47116E-06  3.40146E-04  6.34682E+02
 5000000000  2.47173E-06  3.81120E-04  4.04453E+02
 6000000000  2.47269E-06  4.32594E-04  2.61589E+02
 7000000000  2.47266E-06  3.81963E-04  2.87539E+02
 8000000000  2.47330E-06  4.17312E-04  2.10794E+02
 9000000000  2.47330E-06  3.80263E-04  2.25645E+02
10000000000  2.47311E-06  3.49988E-04  2.39731E+02
tally   34    1    0
f        1
     54
d        1
u        0
s        0
m        0
c        0
e        0
t        0
vals
  4.39764E-07 0.0002
tfc   10       1       1       1       1       1       1       1       1
 1000000000  4.39896E-07  6.87184E-04  6.22074E+02
 2000000000  4.39849E-07  4.86399E-04  6.20762E+02
 3000000000  4.39759E-07  4.05618E-04  5.95232E+02
 4000000000  4.39772E-07  3.49787E-04  6.00180E+02
 5000000000  4.39776E-07  3.10938E-04  6.07637E+02
 6000000000  4.39769E-07  2.83728E-04  6.08103E+02
 7000000000  4.39788E-07  2.61497E-04  6.13490E+02
 8000000000  4.39766E-07  2.44982E-04  6.11663E+02
 9000000000  4.39725E-07  2.30385E-04  6.14731E+02
10000000000  4.39764E-07  2.18224E-04  6.16632E+02
tally   44    1    0
f        1
     53
d        1
u        0
s        0
m        0
c        0
e        0
t        0
vals
  1.44036E-05 0.0020
tfc   10       1       1       1       1       1       1       1       1
 1000000000  1.43122E-05  2.52799E-03  4.59662E+01
 2000000000  1.43794E-05  3.70064E-03  1.07240E+01
 3000000000  1.44280E-05  3.84052E-03  6.63956E+00
 4000000000  1.44301E-05  3.32423E-03  6.64517E+00
 5000000000  1.44058E-05  2.74104E-03  7.81919E+00
 6000000000  1.44028E-05  2.42598E-03  8.31779E+00
 7000000000  1.44028E-05  2.14399E-03  9.12627E+00
 8000000000  1.44104E-05  2.31525E-03  6.84835E+00
 9000000000  1.44111E-05  2.14479E-03  7.09295E+00
10000000000  1.44036E-05  1.96850E-03  7.57809E+00
tally   54    1    0
f        1
     52
d        1
u        0
s        0
m        0
c        0
e        0
t        0
vals
  2.52199E-07 0.0004
tfc   10       1       1       1       1       1       1       1       1
 1000000000  2.51965E-07  1.19276E-03  2.06481E+02
 2000000000  2.52165E-07  8.34463E-04  2.10910E+02
 3000000000  2.52187E-07  6.78276E-04  2.12867E+02
 4000000000  2.52221E-07  5.85381E-04  2.14294E+02
 5000000000  2.52229E-07  5.22188E-04  2.15446E+02
 6000000000  2.52148E-07  4.74868E-04  2.17087E+02
 7000000000  2.52179E-07  4.41102E-04  2.15607E+02
 8000000000  2.52189E-07  4.15165E-04  2.12980E+02
 9000000000  2.52193E-07  3.90516E-04  2.13953E+02
10000000000  2.52199E-07  3.72971E-04  2.11096E+02
tally   64    1    0
f        1
     51
d        1
u        0
s        0
m        0
c        0
e        0
t        0
vals
  1.33735E-07 0.0021
tfc   10       1       1       1       1       1       1       1       1
 1000000000  1.34500E-07  7.58624E-03  5.10429E+00
 2000000000  1.34476E-07  4.94590E-03  6.00372E+00
 3000000000  1.34204E-07  4.00775E-03  6.09703E+00
 4000000000  1.34196E-07  3.36127E-03  6.49953E+00
 5000000000  1.33957E-07  2.92076E-03  6.88653E+00
 6000000000  1.34025E-07  2.63462E-03  7.05255E+00
 7000000000  1.34092E-07  2.47496E-03  6.84860E+00
 8000000000  1.33996E-07  2.43606E-03  6.18591E+00
 9000000000  1.33826E-07  2.25222E-03  6.43242E+00
10000000000  1.33735E-07  2.10438E-03  6.63104E+00
