mcnp       5.mpi 02/27/18 02:53:42    11 10000000000 18842675038516
 dlvn                                                                           
ntal     6
   14   24   34   44   54   64
tally   14    1    0
f        1
     56
d        1
u        0
s        0
m        0
c        0
e        0
t        0
vals
  7.06806E-07 0.0005
tfc   10       1       1       1       1       1       1       1       1
 1000000000  7.07457E-07  1.20602E-03  5.67529E+01
 2000000000  7.06308E-07  8.12949E-04  6.24532E+01
 3000000000  7.06460E-07  6.80709E-04  5.93773E+01
 4000000000  7.06478E-07  5.82161E-04  6.08886E+01
 5000000000  7.06630E-07  5.25689E-04  5.97369E+01
 6000000000  7.06574E-07  4.77867E-04  6.02403E+01
 7000000000  7.06856E-07  5.70511E-04  3.62238E+01
 8000000000  7.06639E-07  5.19088E-04  3.82884E+01
 9000000000  7.06854E-07  5.89426E-04  2.63950E+01
10000000000  7.06806E-07  5.42702E-04  2.80211E+01
tally   24    1    0
f        1
     55
d        1
u        0
s        0
m        0
c        0
e        0
t        0
vals
  2.47472E-06 0.0002
tfc   10       1       1       1       1       1       1       1       1
 1000000000  2.47366E-06  5.64824E-04  2.58744E+02
 2000000000  2.47413E-06  3.89585E-04  2.71943E+02
 3000000000  2.47432E-06  3.19219E-04  2.70002E+02
 4000000000  2.47434E-06  2.71701E-04  2.79537E+02
 5000000000  2.47473E-06  2.41981E-04  2.81928E+02
 6000000000  2.47460E-06  2.20113E-04  2.83929E+02
 7000000000  2.47479E-06  2.14789E-04  2.55564E+02
 8000000000  2.47482E-06  1.99126E-04  2.60193E+02
 9000000000  2.47499E-06  1.86537E-04  2.63541E+02
10000000000  2.47472E-06  1.75906E-04  2.66713E+02
tally   34    1    0
f        1
     54
d        1
u        0
s        0
m        0
c        0
e        0
t        0
vals
  4.39846E-07 0.0003
tfc   10       1       1       1       1       1       1       1       1
 1000000000  4.39939E-07  8.31373E-04  1.19428E+02
 2000000000  4.39810E-07  5.86071E-04  1.20166E+02
 3000000000  4.39723E-07  4.68683E-04  1.25252E+02
 4000000000  4.39776E-07  4.01011E-04  1.28325E+02
 5000000000  4.39826E-07  3.55999E-04  1.30258E+02
 6000000000  4.39845E-07  3.26215E-04  1.29269E+02
 7000000000  4.39918E-07  3.04397E-04  1.27245E+02
 8000000000  4.39875E-07  2.83564E-04  1.28306E+02
 9000000000  4.39836E-07  2.66202E-04  1.29406E+02
10000000000  4.39846E-07  2.52564E-04  1.29379E+02
tally   44    1    0
f        1
     53
d        1
u        0
s        0
m        0
c        0
e        0
t        0
vals
  1.44724E-05 0.0030
tfc   10       1       1       1       1       1       1       1       1
 1000000000  1.44106E-05  1.40730E-03  4.16798E+01
 2000000000  1.44099E-05  8.48827E-04  5.72853E+01
 3000000000  1.44278E-05  1.17517E-03  1.99224E+01
 4000000000  1.44301E-05  1.07054E-03  1.80061E+01
 5000000000  1.44252E-05  8.80704E-04  2.12834E+01
 6000000000  1.44248E-05  7.68793E-04  2.32746E+01
 7000000000  1.44289E-05  7.96175E-04  1.85997E+01
 8000000000  1.44273E-05  7.03148E-04  2.08668E+01
 9000000000  1.44287E-05  6.63203E-04  2.08490E+01
10000000000  1.44724E-05  3.04968E-03  8.87361E-01
tally   54    1    0
f        1
     52
d        1
u        0
s        0
m        0
c        0
e        0
t        0
vals
  2.52157E-07 0.0002
tfc   10       1       1       1       1       1       1       1       1
 1000000000  2.51923E-07  5.01665E-04  3.27997E+02
 2000000000  2.51928E-07  3.64054E-04  3.11422E+02
 3000000000  2.51999E-07  2.97696E-04  3.10454E+02
 4000000000  2.52082E-07  2.60421E-04  3.04277E+02
 5000000000  2.52127E-07  2.35496E-04  2.97670E+02
 6000000000  2.52142E-07  2.15154E-04  2.97169E+02
 7000000000  2.52150E-07  1.99092E-04  2.97450E+02
 8000000000  2.52149E-07  1.90603E-04  2.83981E+02
 9000000000  2.52137E-07  1.78957E-04  2.86341E+02
10000000000  2.52157E-07  1.69638E-04  2.86788E+02
tally   64    1    0
f        1
     51
d        1
u        0
s        0
m        0
c        0
e        0
t        0
vals
  1.33390E-07 0.0002
tfc   10       1       1       1       1       1       1       1       1
 1000000000  1.33406E-07  5.29337E-04  2.94601E+02
 2000000000  1.33403E-07  3.62702E-04  3.13748E+02
 3000000000  1.33395E-07  2.90190E-04  3.26722E+02
 4000000000  1.33383E-07  2.48097E-04  3.35257E+02
 5000000000  1.33364E-07  2.19817E-04  3.41648E+02
 6000000000  1.33377E-07  2.31353E-04  2.57010E+02
 7000000000  1.33382E-07  2.10506E-04  2.66068E+02
 8000000000  1.33377E-07  1.93137E-04  2.76579E+02
 9000000000  1.33387E-07  1.88201E-04  2.58901E+02
10000000000  1.33390E-07  1.75956E-04  2.66563E+02
