mcnp       5.mpi 02/26/18 11:50:07    11 10000000000  7026586013807
 dlvn                                                                           
ntal     6
   14   24   34   44   54   64
tally   14    1    0
f        1
     56
d        1
u        0
s        0
m        0
c        0
e        0
t        0
vals
  7.08349E-07 0.0002
tfc   10       1       1       1       1       1       1       1       1
 1000000000  7.08465E-07  5.76445E-04  8.78505E+02
 2000000000  7.08432E-07  4.04946E-04  8.90061E+02
 3000000000  7.08450E-07  3.29890E-04  8.94165E+02
 4000000000  7.08411E-07  2.85637E-04  8.94438E+02
 5000000000  7.08372E-07  2.55121E-04  8.96823E+02
 6000000000  7.08468E-07  2.32802E-04  8.97380E+02
 7000000000  7.08536E-07  2.16517E-04  8.89155E+02
 8000000000  7.08463E-07  2.02239E-04  8.91830E+02
 9000000000  7.08400E-07  1.90430E-04  8.94157E+02
10000000000  7.08349E-07  1.80704E-04  8.93744E+02
tally   24    1    0
f        1
     55
d        1
u        0
s        0
m        0
c        0
e        0
t        0
vals
  2.47456E-06 0.0004
tfc   10       1       1       1       1       1       1       1       1
 1000000000  2.47237E-06  6.95144E-04  6.04102E+02
 2000000000  2.47498E-06  1.20807E-03  1.00006E+02
 3000000000  2.47761E-06  1.22456E-03  6.48928E+01
 4000000000  2.47590E-06  9.36824E-04  8.31504E+01
 5000000000  2.47595E-06  7.64055E-04  9.99881E+01
 6000000000  2.47516E-06  6.47856E-04  1.15876E+02
 7000000000  2.47502E-06  5.66388E-04  1.29937E+02
 8000000000  2.47493E-06  5.08799E-04  1.40903E+02
 9000000000  2.47483E-06  4.61089E-04  1.52517E+02
10000000000  2.47456E-06  4.20209E-04  1.65279E+02
tally   34    1    0
f        1
     54
d        1
u        0
s        0
m        0
c        0
e        0
t        0
vals
  4.39946E-07 0.0002
tfc   10       1       1       1       1       1       1       1       1
 1000000000  4.39850E-07  6.88300E-04  6.16175E+02
 2000000000  4.39742E-07  4.86740E-04  6.16057E+02
 3000000000  4.39899E-07  3.97918E-04  6.14567E+02
 4000000000  4.40009E-07  3.44660E-04  6.14325E+02
 5000000000  4.40027E-07  3.08062E-04  6.15065E+02
 6000000000  4.40047E-07  2.83902E-04  6.03411E+02
 7000000000  4.39972E-07  2.61395E-04  6.10049E+02
 8000000000  4.39970E-07  2.44607E-04  6.09640E+02
 9000000000  4.39968E-07  2.40174E-04  5.62126E+02
10000000000  4.39946E-07  2.26607E-04  5.68332E+02
tally   44    1    0
f        1
     53
d        1
u        0
s        0
m        0
c        0
e        0
t        0
vals
  1.44407E-05 0.0029
tfc   10       1       1       1       1       1       1       1       1
 1000000000  1.43690E-05  5.57966E-03  9.37658E+00
 2000000000  1.43268E-05  3.18999E-03  1.43429E+01
 3000000000  1.43912E-05  3.69278E-03  7.13588E+00
 4000000000  1.44067E-05  3.07285E-03  7.72856E+00
 5000000000  1.44048E-05  2.60661E-03  8.59101E+00
 6000000000  1.44366E-05  3.02195E-03  5.32568E+00
 7000000000  1.44729E-05  3.98460E-03  2.62537E+00
 8000000000  1.44650E-05  3.53139E-03  2.92496E+00
 9000000000  1.44464E-05  3.15348E-03  3.26066E+00
10000000000  1.44407E-05  2.90261E-03  3.46396E+00
tally   54    1    0
f        1
     52
d        1
u        0
s        0
m        0
c        0
e        0
t        0
vals
  2.52296E-07 0.0004
tfc   10       1       1       1       1       1       1       1       1
 1000000000  2.52197E-07  1.16990E-03  2.13286E+02
 2000000000  2.52374E-07  8.82472E-04  1.87419E+02
 3000000000  2.52144E-07  6.88208E-04  2.05455E+02
 4000000000  2.52195E-07  5.98250E-04  2.03899E+02
 5000000000  2.52286E-07  5.41724E-04  1.98903E+02
 6000000000  2.52292E-07  4.99878E-04  1.94635E+02
 7000000000  2.52250E-07  4.59195E-04  1.97681E+02
 8000000000  2.52232E-07  4.27050E-04  2.00011E+02
 9000000000  2.52292E-07  4.10598E-04  1.92333E+02
10000000000  2.52296E-07  3.86217E-04  1.95653E+02
tally   64    1    0
f        1
     51
d        1
u        0
s        0
m        0
c        0
e        0
t        0
vals
  1.33671E-07 0.0021
tfc   10       1       1       1       1       1       1       1       1
 1000000000  1.34273E-07  6.60035E-03  6.70079E+00
 2000000000  1.34833E-07  4.81551E-03  6.29404E+00
 3000000000  1.33901E-07  3.65278E-03  7.29305E+00
 4000000000  1.33951E-07  3.08543E-03  7.66565E+00
 5000000000  1.33651E-07  2.66418E-03  8.22374E+00
 6000000000  1.33765E-07  2.43000E-03  8.23640E+00
 7000000000  1.33650E-07  2.21430E-03  8.50134E+00
 8000000000  1.33571E-07  2.05150E-03  8.66698E+00
 9000000000  1.33648E-07  2.23073E-03  6.51617E+00
10000000000  1.33671E-07  2.08162E-03  6.73512E+00
