mcnp       5.mpi 02/25/18 22:10:59     3  1000000000   374101402860
 steel-plate                                                                    
ntal     1
    4
tally    4    1    0
f        1
     42
d        1
u        0
s        0
m        0
c        0
e        0
t        0
vals
  2.08711E-12 0.1265
tfc   10       1       1       1       1       1       1       1       1
  100000000  1.66088E-12  3.58272E-02  5.80409E+00
  200000000  1.66021E-12  2.13535E-02  8.03995E+00
  300000000  1.65863E-12  2.18950E-02  5.06742E+00
  400000000  1.65006E-12  1.80657E-02  5.57717E+00
  500000000  1.67002E-12  2.23333E-02  2.92337E+00
  600000000  1.80449E-12  6.27727E-02  2.97651E-01
  700000000  1.77735E-12  5.46865E-02  3.38598E-01
  800000000  1.75625E-12  4.84501E-02  3.79198E-01
  900000000  2.13649E-12  1.37241E-01  3.88870E-02
 1000000000  2.08711E-12  1.26457E-01  4.15640E-02
