mcnp       5.mpi 03/05/18 09:47:44     3  1000000000   477054968291
                                                                                
ntal     4
   14   24   34   44
tally   14    2    0
f        1
      1
d        1
u        0
s        0
m        0
c        0
e        0
t        0
vals
  5.35277E-10 0.0026
tfc   10       1       1       1       1       1       1       1       1
  100000000  5.32781E-10  8.24137E-03  6.97394E+01
  200000000  5.37192E-10  5.94853E-03  6.69464E+01
  300000000  5.37443E-10  4.80601E-03  6.83781E+01
  400000000  5.38004E-10  4.16837E-03  6.81779E+01
  500000000  5.37352E-10  3.72051E-03  6.84655E+01
  600000000  5.36781E-10  3.36293E-03  6.98361E+01
  700000000  5.35202E-10  3.10981E-03  7.00079E+01
  800000000  5.35316E-10  2.91730E-03  6.96147E+01
  900000000  5.35099E-10  2.75425E-03  6.94271E+01
 1000000000  5.35277E-10  2.60990E-03  6.95891E+01
tally   24    2    0
f        1
      2
d        1
u        0
s        0
m        0
c        0
e        0
t        0
vals
  4.34429E-10 0.0130
tfc   10       1       1       1       1       1       1       1       1
  100000000  4.40440E-10  3.08444E-02  4.97880E+00
  200000000  4.35170E-10  2.02128E-02  5.79822E+00
  300000000  4.29154E-10  1.67936E-02  5.60015E+00
  400000000  4.30655E-10  1.46984E-02  5.48319E+00
  500000000  4.32699E-10  1.33693E-02  5.30219E+00
  600000000  4.32425E-10  1.20870E-02  5.40604E+00
  700000000  4.30946E-10  1.12154E-02  5.38249E+00
  800000000  4.30729E-10  1.02778E-02  5.60866E+00
  900000000  4.34418E-10  1.39626E-02  2.70146E+00
 1000000000  4.34429E-10  1.30398E-02  2.78771E+00
tally   34    2    0
f        1
      3
d        1
u        0
s        0
m        0
c        0
e        0
t        0
vals
  3.28365E-10 0.0165
tfc   10       1       1       1       1       1       1       1       1
  100000000  3.17012E-10  4.73657E-02  2.11129E+00
  200000000  3.24306E-10  3.48735E-02  1.94784E+00
  300000000  3.20398E-10  2.69032E-02  2.18212E+00
  400000000  3.21907E-10  2.42746E-02  2.01035E+00
  500000000  3.28178E-10  2.61105E-02  1.39010E+00
  600000000  3.25151E-10  2.29257E-02  1.50269E+00
  700000000  3.26681E-10  2.05000E-02  1.61104E+00
  800000000  3.26752E-10  1.89309E-02  1.65318E+00
  900000000  3.28261E-10  1.75906E-02  1.70205E+00
 1000000000  3.28365E-10  1.64961E-02  1.74192E+00
tally   44    2    0
f        1
      4
d        1
u        0
s        0
m        0
c        0
e        0
t        0
vals
  4.40445E-10 0.0226
tfc   10       1       1       1       1       1       1       1       1
  100000000  4.37098E-10  6.26789E-02  1.20569E+00
  200000000  4.36365E-10  4.31441E-02  1.27263E+00
  300000000  4.31891E-10  3.49243E-02  1.29489E+00
  400000000  4.35496E-10  3.14837E-02  1.19510E+00
  500000000  4.51693E-10  3.22716E-02  9.09983E-01
  600000000  4.45290E-10  2.84315E-02  9.77050E-01
  700000000  4.41279E-10  2.61102E-02  9.93098E-01
  800000000  4.41123E-10  2.38886E-02  1.03820E+00
  900000000  4.43712E-10  2.33571E-02  9.65375E-01
 1000000000  4.40445E-10  2.26225E-02  9.26207E-01
