mcnp       5.mpi 02/27/18 10:28:35    11 10000000000  6582754935564
 dlvn                                                                           
ntal     6
   14   24   34   44   54   64
tally   14    1    0
f        1
     56
d        1
u        0
s        0
m        0
c        0
e        0
t        0
vals
  7.08767E-07 0.0010
tfc   10       1       1       1       1       1       1       1       1
 1000000000  7.07877E-07  1.43097E-03  1.13802E+02
 2000000000  7.08415E-07  9.47977E-04  1.29650E+02
 3000000000  7.08228E-07  7.18033E-04  1.50665E+02
 4000000000  7.08419E-07  6.33826E-04  1.45035E+02
 5000000000  7.08531E-07  5.70752E-04  1.43088E+02
 6000000000  7.08407E-07  5.02761E-04  1.53686E+02
 7000000000  7.08281E-07  4.56999E-04  1.59438E+02
 8000000000  7.08938E-07  1.28338E-03  1.76870E+01
 9000000000  7.08814E-07  1.14616E-03  1.97122E+01
10000000000  7.08767E-07  1.03810E-03  2.16267E+01
tally   24    1    0
f        1
     55
d        1
u        0
s        0
m        0
c        0
e        0
t        0
vals
  2.47435E-06 0.0002
tfc   10       1       1       1       1       1       1       1       1
 1000000000  2.47253E-06  4.88143E-04  9.77943E+02
 2000000000  2.47420E-06  3.40880E-04  1.00269E+03
 3000000000  2.47383E-06  2.76145E-04  1.01865E+03
 4000000000  2.47401E-06  2.41116E-04  1.00221E+03
 5000000000  2.47427E-06  2.16134E-04  9.97819E+02
 6000000000  2.47418E-06  1.96811E-04  1.00291E+03
 7000000000  2.47433E-06  1.81794E-04  1.00755E+03
 8000000000  2.47417E-06  1.69790E-04  1.01052E+03
 9000000000  2.47424E-06  1.60074E-04  1.01061E+03
10000000000  2.47435E-06  1.51880E-04  1.01034E+03
tally   34    1    0
f        1
     54
d        1
u        0
s        0
m        0
c        0
e        0
t        0
vals
  4.39822E-07 0.0003
tfc   10       1       1       1       1       1       1       1       1
 1000000000  4.39772E-07  7.40080E-04  4.25451E+02
 2000000000  4.39870E-07  5.27907E-04  4.18073E+02
 3000000000  4.39924E-07  4.31363E-04  4.17460E+02
 4000000000  4.39841E-07  3.87079E-04  3.88878E+02
 5000000000  4.39789E-07  3.46295E-04  3.88693E+02
 6000000000  4.39724E-07  3.13812E-04  3.94474E+02
 7000000000  4.39853E-07  2.90999E-04  3.93222E+02
 8000000000  4.39880E-07  3.08022E-04  3.07044E+02
 9000000000  4.39879E-07  2.85263E-04  3.18222E+02
10000000000  4.39822E-07  2.66912E-04  3.27138E+02
tally   44    1    0
f        1
     53
d        1
u        0
s        0
m        0
c        0
e        0
t        0
vals
  1.44151E-05 0.0003
tfc   10       1       1       1       1       1       1       1       1
 1000000000  1.44120E-05  1.21733E-03  1.57250E+02
 2000000000  1.44129E-05  6.71311E-04  2.58535E+02
 3000000000  1.44271E-05  8.61385E-04  1.04690E+02
 4000000000  1.44281E-05  6.92221E-04  1.21597E+02
 5000000000  1.44240E-05  5.63694E-04  1.46694E+02
 6000000000  1.44197E-05  4.80124E-04  1.68520E+02
 7000000000  1.44159E-05  4.20330E-04  1.88470E+02
 8000000000  1.44168E-05  3.88381E-04  1.93129E+02
 9000000000  1.44170E-05  3.57114E-04  2.03052E+02
10000000000  1.44151E-05  3.26592E-04  2.18503E+02
tally   54    1    0
f        1
     52
d        1
u        0
s        0
m        0
c        0
e        0
t        0
vals
  2.52269E-07 0.0002
tfc   10       1       1       1       1       1       1       1       1
 1000000000  2.52257E-07  5.30258E-04  8.28766E+02
 2000000000  2.52330E-07  3.82215E-04  7.97539E+02
 3000000000  2.52241E-07  3.11211E-04  8.02029E+02
 4000000000  2.52199E-07  3.10222E-04  6.05437E+02
 5000000000  2.52220E-07  2.75413E-04  6.14511E+02
 6000000000  2.52207E-07  2.46753E-04  6.38015E+02
 7000000000  2.52223E-07  2.25724E-04  6.53532E+02
 8000000000  2.52266E-07  2.42456E-04  4.95565E+02
 9000000000  2.52285E-07  2.23886E-04  5.16616E+02
10000000000  2.52269E-07  2.08595E-04  5.35624E+02
tally   64    1    0
f        1
     51
d        1
u        0
s        0
m        0
c        0
e        0
t        0
vals
  1.33419E-07 0.0002
tfc   10       1       1       1       1       1       1       1       1
 1000000000  1.33465E-07  6.60565E-04  5.34042E+02
 2000000000  1.33488E-07  4.68112E-04  5.31700E+02
 3000000000  1.33456E-07  3.82902E-04  5.29817E+02
 4000000000  1.33450E-07  3.91840E-04  3.79486E+02
 5000000000  1.33446E-07  3.45202E-04  3.91158E+02
 6000000000  1.33446E-07  3.08594E-04  4.07926E+02
 7000000000  1.33431E-07  2.81858E-04  4.19143E+02
 8000000000  1.33434E-07  2.75162E-04  3.84758E+02
 9000000000  1.33437E-07  2.55674E-04  3.96140E+02
10000000000  1.33419E-07  2.39494E-04  4.06330E+02
