mcnp       5.mpi 02/27/18 08:55:41    11 10000000000  6000843368545
 dlvn                                                                           
ntal     6
   14   24   34   44   54   64
tally   14    1    0
f        1
     56
d        1
u        0
s        0
m        0
c        0
e        0
t        0
vals
  7.08137E-07 0.0004
tfc   10       1       1       1       1       1       1       1       1
 1000000000  7.07114E-07  1.12091E-03  2.01986E+02
 2000000000  7.07397E-07  7.27176E-04  2.39897E+02
 3000000000  7.07729E-07  6.82899E-04  1.81357E+02
 4000000000  7.07680E-07  6.12932E-04  1.68866E+02
 5000000000  7.07663E-07  5.48037E-04  1.68974E+02
 6000000000  7.07902E-07  4.97678E-04  1.70753E+02
 7000000000  7.07915E-07  4.53467E-04  1.76292E+02
 8000000000  7.07828E-07  4.28769E-04  1.72541E+02
 9000000000  7.07974E-07  4.10971E-04  1.66938E+02
10000000000  7.08137E-07  4.07946E-04  1.52487E+02
tally   24    1    0
f        1
     55
d        1
u        0
s        0
m        0
c        0
e        0
t        0
vals
  2.47490E-06 0.0002
tfc   10       1       1       1       1       1       1       1       1
 1000000000  2.47452E-06  5.14234E-04  9.59719E+02
 2000000000  2.47490E-06  3.67227E-04  9.40663E+02
 3000000000  2.47436E-06  2.97191E-04  9.57582E+02
 4000000000  2.47430E-06  2.56941E-04  9.60954E+02
 5000000000  2.47445E-06  2.36813E-04  9.04957E+02
 6000000000  2.47454E-06  2.14688E-04  9.17591E+02
 7000000000  2.47457E-06  1.98309E-04  9.21808E+02
 8000000000  2.47464E-06  1.85274E-04  9.24077E+02
 9000000000  2.47483E-06  1.78161E-04  8.88291E+02
10000000000  2.47490E-06  1.68725E-04  8.91415E+02
tally   34    1    0
f        1
     54
d        1
u        0
s        0
m        0
c        0
e        0
t        0
vals
  4.39715E-07 0.0002
tfc   10       1       1       1       1       1       1       1       1
 1000000000  4.39722E-07  7.78814E-04  4.18407E+02
 2000000000  4.39975E-07  5.63828E-04  3.99034E+02
 3000000000  4.39960E-07  4.58579E-04  4.02179E+02
 4000000000  4.39830E-07  3.93712E-04  4.09270E+02
 5000000000  4.39736E-07  3.49669E-04  4.15073E+02
 6000000000  4.39811E-07  3.20706E-04  4.11197E+02
 7000000000  4.39715E-07  2.98509E-04  4.06826E+02
 8000000000  4.39728E-07  2.78919E-04  4.07738E+02
 9000000000  4.39756E-07  2.63345E-04  4.06562E+02
10000000000  4.39715E-07  2.49121E-04  4.08903E+02
tally   44    1    0
f        1
     53
d        1
u        0
s        0
m        0
c        0
e        0
t        0
vals
  1.44113E-05 0.0003
tfc   10       1       1       1       1       1       1       1       1
 1000000000  1.44062E-05  9.60650E-04  2.75002E+02
 2000000000  1.44156E-05  7.39472E-04  2.31985E+02
 3000000000  1.44175E-05  7.02752E-04  1.71255E+02
 4000000000  1.44138E-05  5.63799E-04  1.99581E+02
 5000000000  1.44116E-05  4.67580E-04  2.32128E+02
 6000000000  1.44129E-05  4.15342E-04  2.45162E+02
 7000000000  1.44115E-05  3.78313E-04  2.53292E+02
 8000000000  1.44115E-05  3.40982E-04  2.72819E+02
 9000000000  1.44104E-05  3.09074E-04  2.95157E+02
10000000000  1.44113E-05  2.94187E-04  2.93219E+02
tally   54    1    0
f        1
     52
d        1
u        0
s        0
m        0
c        0
e        0
t        0
vals
  2.52173E-07 0.0002
tfc   10       1       1       1       1       1       1       1       1
 1000000000  2.52234E-07  5.55543E-04  8.22301E+02
 2000000000  2.52218E-07  3.91680E-04  8.26876E+02
 3000000000  2.52196E-07  3.23015E-04  8.10595E+02
 4000000000  2.52121E-07  2.78991E-04  8.15055E+02
 5000000000  2.52134E-07  2.50355E-04  8.09704E+02
 6000000000  2.52129E-07  2.27764E-04  8.15253E+02
 7000000000  2.52134E-07  2.11483E-04  8.10535E+02
 8000000000  2.52152E-07  1.98601E-04  8.04219E+02
 9000000000  2.52151E-07  1.87089E-04  8.05535E+02
10000000000  2.52173E-07  1.77721E-04  8.03456E+02
tally   64    1    0
f        1
     51
d        1
u        0
s        0
m        0
c        0
e        0
t        0
vals
  1.33395E-07 0.0002
tfc   10       1       1       1       1       1       1       1       1
 1000000000  1.33376E-07  6.47810E-04  6.04743E+02
 2000000000  1.33437E-07  4.58436E-04  6.03595E+02
 3000000000  1.33412E-07  3.76794E-04  5.95717E+02
 4000000000  1.33394E-07  3.24327E-04  6.03117E+02
 5000000000  1.33406E-07  2.93526E-04  5.89042E+02
 6000000000  1.33403E-07  2.69158E-04  5.83782E+02
 7000000000  1.33401E-07  2.50399E-04  5.78173E+02
 8000000000  1.33388E-07  2.32854E-04  5.85020E+02
 9000000000  1.33396E-07  2.18994E-04  5.87912E+02
10000000000  1.33395E-07  2.08185E-04  5.85519E+02
