mcnp       5.mpi 02/27/18 17:27:46    11 10000000000  6806152490499
 dlvn                                                                           
ntal     6
   14   24   34   44   54   64
tally   14    1    0
f        1
     56
d        1
u        0
s        0
m        0
c        0
e        0
t        0
vals
  7.07987E-07 0.0004
tfc   10       1       1       1       1       1       1       1       1
 1000000000  7.07320E-07  1.10092E-03  1.85166E+02
 2000000000  7.08058E-07  8.70923E-04  1.47922E+02
 3000000000  7.07834E-07  6.63476E-04  1.69945E+02
 4000000000  7.07685E-07  5.62352E-04  1.77440E+02
 5000000000  7.07839E-07  5.12887E-04  1.70669E+02
 6000000000  7.07849E-07  4.59046E-04  1.77540E+02
 7000000000  7.07943E-07  4.37510E-04  1.67517E+02
 8000000000  7.07934E-07  4.36870E-04  1.47000E+02
 9000000000  7.07981E-07  4.10920E-04  1.47686E+02
10000000000  7.07987E-07  3.84113E-04  1.52115E+02
tally   24    1    0
f        1
     55
d        1
u        0
s        0
m        0
c        0
e        0
t        0
vals
  2.47454E-06 0.0002
tfc   10       1       1       1       1       1       1       1       1
 1000000000  2.47574E-06  4.94427E-04  9.18047E+02
 2000000000  2.47513E-06  3.43536E-04  9.50709E+02
 3000000000  2.47468E-06  2.78563E-04  9.64073E+02
 4000000000  2.47441E-06  2.41240E-04  9.64202E+02
 5000000000  2.47426E-06  2.16061E-04  9.61715E+02
 6000000000  2.47437E-06  1.97195E-04  9.62091E+02
 7000000000  2.47483E-06  1.82883E-04  9.58707E+02
 8000000000  2.47471E-06  1.70841E-04  9.61257E+02
 9000000000  2.47465E-06  1.61443E-04  9.56791E+02
10000000000  2.47454E-06  1.52903E-04  9.59977E+02
tally   34    1    0
f        1
     54
d        1
u        0
s        0
m        0
c        0
e        0
t        0
vals
  4.39755E-07 0.0002
tfc   10       1       1       1       1       1       1       1       1
 1000000000  4.40142E-07  7.81643E-04  3.67327E+02
 2000000000  4.39963E-07  5.43598E-04  3.79695E+02
 3000000000  4.40031E-07  4.45614E-04  3.76738E+02
 4000000000  4.39957E-07  3.86047E-04  3.76519E+02
 5000000000  4.39789E-07  3.42608E-04  3.82475E+02
 6000000000  4.39822E-07  3.13801E-04  3.79926E+02
 7000000000  4.39863E-07  2.89730E-04  3.81986E+02
 8000000000  4.39793E-07  2.69690E-04  3.85738E+02
 9000000000  4.39816E-07  2.53780E-04  3.87204E+02
10000000000  4.39755E-07  2.40405E-04  3.88335E+02
tally   44    1    0
f        1
     53
d        1
u        0
s        0
m        0
c        0
e        0
t        0
vals
  1.44251E-05 0.0009
tfc   10       1       1       1       1       1       1       1       1
 1000000000  1.44177E-05  7.16518E-04  4.37134E+02
 2000000000  1.44251E-05  9.27785E-04  1.30346E+02
 3000000000  1.44185E-05  6.59144E-04  1.72186E+02
 4000000000  1.44184E-05  5.21496E-04  2.06332E+02
 5000000000  1.44138E-05  4.32064E-04  2.40493E+02
 6000000000  1.44147E-05  3.79807E-04  2.59348E+02
 7000000000  1.44142E-05  3.36574E-04  2.83057E+02
 8000000000  1.44131E-05  3.03103E-04  3.05382E+02
 9000000000  1.44285E-05  9.67768E-04  2.66263E+01
10000000000  1.44251E-05  8.73040E-04  2.94458E+01
tally   54    1    0
f        1
     52
d        1
u        0
s        0
m        0
c        0
e        0
t        0
vals
  2.52192E-07 0.0002
tfc   10       1       1       1       1       1       1       1       1
 1000000000  2.52296E-07  5.26446E-04  8.09769E+02
 2000000000  2.52211E-07  3.77212E-04  7.88535E+02
 3000000000  2.52197E-07  3.07713E-04  7.90071E+02
 4000000000  2.52170E-07  2.77805E-04  7.27091E+02
 5000000000  2.52140E-07  2.46387E-04  7.39541E+02
 6000000000  2.52142E-07  2.24436E-04  7.42720E+02
 7000000000  2.52150E-07  2.07632E-04  7.43780E+02
 8000000000  2.52184E-07  1.94920E-04  7.38430E+02
 9000000000  2.52204E-07  1.84164E-04  7.35264E+02
10000000000  2.52192E-07  1.74250E-04  7.39169E+02
tally   64    1    0
f        1
     51
d        1
u        0
s        0
m        0
c        0
e        0
t        0
vals
  1.33373E-07 0.0002
tfc   10       1       1       1       1       1       1       1       1
 1000000000  1.33380E-07  6.70306E-04  4.99486E+02
 2000000000  1.33407E-07  5.08881E-04  4.33271E+02
 3000000000  1.33388E-07  4.08040E-04  4.49317E+02
 4000000000  1.33374E-07  3.53989E-04  4.47805E+02
 5000000000  1.33347E-07  3.13903E-04  4.55625E+02
 6000000000  1.33347E-07  2.83729E-04  4.64732E+02
 7000000000  1.33347E-07  2.62162E-04  4.66545E+02
 8000000000  1.33362E-07  2.44749E-04  4.68360E+02
 9000000000  1.33376E-07  2.41120E-04  4.28929E+02
10000000000  1.33373E-07  2.27800E-04  4.32497E+02
