mcnp       5.mpi 03/02/18 11:44:15     2  1000000000   247371964786
                                                                                
ntal     4
   14   24   34   44
tally   14    2    0
f        1
      1
d        1
u        0
s        0
m        0
c        0
e        0
t        0
vals
  5.29975E-10 0.0061
tfc   10       1       1       1       1       1       1       1       1
  100000000  5.44623E-10  1.95350E-02  2.01084E+01
  200000000  5.32521E-10  1.31668E-02  2.21445E+01
  300000000  5.34492E-10  1.09510E-02  2.13461E+01
  400000000  5.33868E-10  9.53586E-03  2.11177E+01
  500000000  5.27983E-10  8.49861E-03  2.12719E+01
  600000000  5.29176E-10  7.76890E-03  2.12127E+01
  700000000  5.31978E-10  7.26406E-03  2.07979E+01
  800000000  5.30707E-10  6.79494E-03  2.07971E+01
  900000000  5.30979E-10  6.43718E-03  2.05981E+01
 1000000000  5.29975E-10  6.08839E-03  2.07163E+01
tally   24    2    0
f        1
      2
d        1
u        0
s        0
m        0
c        0
e        0
t        0
vals
  4.36690E-10 0.0053
tfc   10       1       1       1       1       1       1       1       1
  100000000  4.31411E-10  1.49886E-02  3.41574E+01
  200000000  4.32021E-10  1.18040E-02  2.75532E+01
  300000000  4.30988E-10  9.52661E-03  2.82067E+01
  400000000  4.33632E-10  8.17079E-03  2.87634E+01
  500000000  4.35449E-10  7.53819E-03  2.70376E+01
  600000000  4.34981E-10  6.78985E-03  2.77712E+01
  700000000  4.35198E-10  6.28016E-03  2.78251E+01
  800000000  4.34575E-10  5.84561E-03  2.81006E+01
  900000000  4.36001E-10  5.57309E-03  2.74806E+01
 1000000000  4.36690E-10  5.25982E-03  2.77572E+01
tally   34    2    0
f        1
      3
d        1
u        0
s        0
m        0
c        0
e        0
t        0
vals
  3.43128E-10 0.0045
tfc   10       1       1       1       1       1       1       1       1
  100000000  3.42667E-10  1.42305E-02  3.78936E+01
  200000000  3.42065E-10  9.89708E-03  3.91937E+01
  300000000  3.40513E-10  8.14284E-03  3.86080E+01
  400000000  3.41185E-10  6.98154E-03  3.93972E+01
  500000000  3.41066E-10  6.26921E-03  3.90911E+01
  600000000  3.41408E-10  5.68788E-03  3.95745E+01
  700000000  3.42539E-10  5.34334E-03  3.84373E+01
  800000000  3.42994E-10  4.99763E-03  3.84456E+01
  900000000  3.42409E-10  4.69924E-03  3.86513E+01
 1000000000  3.43128E-10  4.47379E-03  3.83677E+01
tally   44    2    0
f        1
      4
d        1
u        0
s        0
m        0
c        0
e        0
t        0
vals
  4.41114E-10 0.0054
tfc   10       1       1       1       1       1       1       1       1
  100000000  4.41593E-10  1.74404E-02  2.52285E+01
  200000000  4.43348E-10  1.21323E-02  2.60823E+01
  300000000  4.38998E-10  9.82481E-03  2.65204E+01
  400000000  4.39498E-10  8.59880E-03  2.59712E+01
  500000000  4.40938E-10  7.61813E-03  2.64732E+01
  600000000  4.43343E-10  6.91247E-03  2.67947E+01
  700000000  4.42996E-10  6.43413E-03  2.65093E+01
  800000000  4.41905E-10  5.99708E-03  2.66990E+01
  900000000  4.41424E-10  5.66340E-03  2.66112E+01
 1000000000  4.41114E-10  5.36076E-03  2.67217E+01
