mcnp       5.mpi 02/25/18 14:23:18    11  1000000000  6672182503858
 steel-plate                                                                    
ntal     1
    4
tally    4    1    0
f        1
     42
d        1
u        0
s        0
m        0
c        0
e        0
t        0
vals
  2.31277E-12 0.2204
tfc   10       1       1       1       1       1       1       1       1
  100000000  1.62589E-12  1.75627E-02  1.45409E+00
  200000000  2.11077E-12  2.16023E-01  4.21852E-03
  300000000  1.98051E-12  1.54621E-01  5.70411E-03
  400000000  1.88346E-12  1.21975E-01  7.04987E-03
  500000000  1.93413E-12  1.10214E-01  6.94081E-03
  600000000  1.88405E-12  9.43731E-02  7.96111E-03
  700000000  1.84234E-12  8.27353E-02  8.94990E-03
  800000000  1.80971E-12  7.37034E-02  9.92631E-03
  900000000  1.78519E-12  6.64191E-02  1.09140E-02
 1000000000  2.31277E-12  2.20351E-01  8.41317E-04
