mcnp       5.mpi 03/01/18 12:20:26    11 10000000000  6790454645229
 dlvn                                                                           
ntal     6
   14   24   34   44   54   64
tally   14    1    0
f        1
     56
d        1
u        0
s        0
m        0
c        0
e        0
t        0
vals
  7.08219E-07 0.0004
tfc   10       1       1       1       1       1       1       1       1
 1000000000  7.06653E-07  1.16053E-03  1.66639E+02
 2000000000  7.07745E-07  9.48177E-04  1.24722E+02
 3000000000  7.08071E-07  7.28709E-04  1.40795E+02
 4000000000  7.08120E-07  6.16929E-04  1.47344E+02
 5000000000  7.08202E-07  5.44688E-04  1.51222E+02
 6000000000  7.08211E-07  4.86909E-04  1.57676E+02
 7000000000  7.08159E-07  4.39465E-04  1.65907E+02
 8000000000  7.08005E-07  4.09025E-04  1.67597E+02
 9000000000  7.08189E-07  4.24071E-04  1.38595E+02
10000000000  7.08219E-07  3.95305E-04  1.43566E+02
tally   24    1    0
f        1
     55
d        1
u        0
s        0
m        0
c        0
e        0
t        0
vals
  2.47455E-06 0.0002
tfc   10       1       1       1       1       1       1       1       1
 1000000000  2.47198E-06  4.81053E-04  9.69850E+02
 2000000000  2.47459E-06  3.43996E-04  9.47576E+02
 3000000000  2.47406E-06  2.79255E-04  9.58720E+02
 4000000000  2.47407E-06  2.41085E-04  9.64853E+02
 5000000000  2.47436E-06  2.15903E-04  9.62481E+02
 6000000000  2.47463E-06  1.97491E-04  9.58450E+02
 7000000000  2.47479E-06  1.82895E-04  9.57877E+02
 8000000000  2.47473E-06  1.71191E-04  9.56762E+02
 9000000000  2.47475E-06  1.61242E-04  9.58672E+02
10000000000  2.47455E-06  1.52795E-04  9.60940E+02
tally   34    1    0
f        1
     54
d        1
u        0
s        0
m        0
c        0
e        0
t        0
vals
  4.39929E-07 0.0002
tfc   10       1       1       1       1       1       1       1       1
 1000000000  4.39471E-07  7.44665E-04  4.04733E+02
 2000000000  4.40209E-07  5.76518E-04  3.37361E+02
 3000000000  4.40162E-07  4.61947E-04  3.50357E+02
 4000000000  4.40033E-07  3.94376E-04  3.60563E+02
 5000000000  4.39957E-07  3.50054E-04  3.66133E+02
 6000000000  4.39898E-07  3.18848E-04  3.67701E+02
 7000000000  4.39959E-07  2.94661E-04  3.69035E+02
 8000000000  4.39891E-07  2.74456E-04  3.72238E+02
 9000000000  4.39950E-07  2.58139E-04  3.74039E+02
10000000000  4.39929E-07  2.44298E-04  3.75903E+02
tally   44    1    0
f        1
     53
d        1
u        0
s        0
m        0
c        0
e        0
t        0
vals
  1.44108E-05 0.0003
tfc   10       1       1       1       1       1       1       1       1
 1000000000  1.44090E-05  7.97387E-04  3.52982E+02
 2000000000  1.44193E-05  7.25055E-04  2.13294E+02
 3000000000  1.44186E-05  6.36884E-04  1.84320E+02
 4000000000  1.44151E-05  4.94820E-04  2.29038E+02
 5000000000  1.44145E-05  4.13856E-04  2.61946E+02
 6000000000  1.44110E-05  3.55608E-04  2.95610E+02
 7000000000  1.44107E-05  3.19466E-04  3.13953E+02
 8000000000  1.44087E-05  2.87665E-04  3.38837E+02
 9000000000  1.44114E-05  3.10803E-04  2.58022E+02
10000000000  1.44108E-05  2.87445E-04  2.71523E+02
tally   54    1    0
f        1
     52
d        1
u        0
s        0
m        0
c        0
e        0
t        0
vals
  2.52252E-07 0.0002
tfc   10       1       1       1       1       1       1       1       1
 1000000000  2.52167E-07  5.53813E-04  7.31752E+02
 2000000000  2.52364E-07  4.48900E-04  5.56444E+02
 3000000000  2.52294E-07  3.48586E-04  6.15282E+02
 4000000000  2.52259E-07  2.99032E-04  6.27144E+02
 5000000000  2.52243E-07  2.62380E-04  6.51703E+02
 6000000000  2.52222E-07  2.36378E-04  6.69036E+02
 7000000000  2.52222E-07  2.17283E-04  6.78673E+02
 8000000000  2.52224E-07  2.04504E-04  6.70443E+02
 9000000000  2.52258E-07  1.91525E-04  6.79473E+02
10000000000  2.52252E-07  1.80785E-04  6.86425E+02
tally   64    1    0
f        1
     51
d        1
u        0
s        0
m        0
c        0
e        0
t        0
vals
  1.33454E-07 0.0002
tfc   10       1       1       1       1       1       1       1       1
 1000000000  1.33429E-07  6.48086E-04  5.34349E+02
 2000000000  1.33597E-07  5.05476E-04  4.38854E+02
 3000000000  1.33527E-07  3.99578E-04  4.68265E+02
 4000000000  1.33478E-07  3.39907E-04  4.85381E+02
 5000000000  1.33461E-07  3.00774E-04  4.95940E+02
 6000000000  1.33463E-07  2.72949E-04  5.01767E+02
 7000000000  1.33442E-07  2.50646E-04  5.10024E+02
 8000000000  1.33437E-07  2.33830E-04  5.12818E+02
 9000000000  1.33454E-07  2.20497E-04  5.12650E+02
10000000000  1.33454E-07  2.08744E-04  5.14857E+02
