mcnp       5.mpi 03/02/18 12:59:13     3  1000000000   221330578249
                                                                                
ntal     4
   14   24   34   44
tally   14    2    0
f        1
      1
d        1
u        0
s        0
m        0
c        0
e        0
t        0
vals
  5.31260E-10 0.0025
tfc   10       1       1       1       1       1       1       1       1
  100000000  5.30411E-10  7.98117E-03  1.10262E+02
  200000000  5.30879E-10  5.64549E-03  1.10242E+02
  300000000  5.31917E-10  4.63023E-03  1.09291E+02
  400000000  5.31612E-10  3.99534E-03  1.10113E+02
  500000000  5.31880E-10  3.57747E-03  1.09882E+02
  600000000  5.31891E-10  3.27294E-03  1.09405E+02
  700000000  5.31699E-10  3.01977E-03  1.10167E+02
  800000000  5.31605E-10  2.82635E-03  1.10045E+02
  900000000  5.31641E-10  2.67081E-03  1.09548E+02
 1000000000  5.31260E-10  2.53313E-03  1.09603E+02
tally   24    2    0
f        1
      2
d        1
u        0
s        0
m        0
c        0
e        0
t        0
vals
  4.34348E-10 0.0022
tfc   10       1       1       1       1       1       1       1       1
  100000000  4.27890E-10  7.06190E-03  1.40837E+02
  200000000  4.28013E-10  4.95956E-03  1.42845E+02
  300000000  4.30017E-10  4.04239E-03  1.43388E+02
  400000000  4.31084E-10  3.49803E-03  1.43648E+02
  500000000  4.32028E-10  3.11583E-03  1.44854E+02
  600000000  4.32862E-10  2.85277E-03  1.44006E+02
  700000000  4.33301E-10  2.64238E-03  1.43883E+02
  800000000  4.33818E-10  2.48126E-03  1.42783E+02
  900000000  4.33838E-10  2.34242E-03  1.42417E+02
 1000000000  4.34348E-10  2.22035E-03  1.42658E+02
tally   34    2    0
f        1
      3
d        1
u        0
s        0
m        0
c        0
e        0
t        0
vals
  3.38979E-10 0.0023
tfc   10       1       1       1       1       1       1       1       1
  100000000  3.37855E-10  7.15098E-03  1.37350E+02
  200000000  3.38281E-10  5.02049E-03  1.39399E+02
  300000000  3.37110E-10  4.11313E-03  1.38498E+02
  400000000  3.38377E-10  3.58831E-03  1.36511E+02
  500000000  3.38099E-10  3.20907E-03  1.36559E+02
  600000000  3.38627E-10  2.92934E-03  1.36576E+02
  700000000  3.38668E-10  2.71793E-03  1.35995E+02
  800000000  3.38904E-10  2.54165E-03  1.36079E+02
  900000000  3.38904E-10  2.39228E-03  1.36542E+02
 1000000000  3.38979E-10  2.26893E-03  1.36615E+02
tally   44    2    0
f        1
      4
d        1
u        0
s        0
m        0
c        0
e        0
t        0
vals
  4.43212E-10 0.0030
tfc   10       1       1       1       1       1       1       1       1
  100000000  4.41501E-10  9.58685E-03  7.64201E+01
  200000000  4.42072E-10  6.77871E-03  7.64639E+01
  300000000  4.41351E-10  5.48783E-03  7.78013E+01
  400000000  4.41872E-10  4.75263E-03  7.78182E+01
  500000000  4.43222E-10  4.26242E-03  7.74046E+01
  600000000  4.44290E-10  3.91137E-03  7.66048E+01
  700000000  4.43964E-10  3.61866E-03  7.67192E+01
  800000000  4.44303E-10  3.38251E-03  7.68328E+01
  900000000  4.44142E-10  3.17978E-03  7.72855E+01
 1000000000  4.43212E-10  3.00688E-03  7.77872E+01
