mcnp       5.mpi 03/02/18 14:19:00     4  1000000000   367066206746
                                                                                
ntal     4
   14   24   34   44
tally   14    2    0
f        1
      1
d        1
u        0
s        0
m        0
c        0
e        0
t        0
vals
  5.33547E-10 0.0033
tfc   10       1       1       1       1       1       1       1       1
  100000000  5.35689E-10  1.01095E-02  3.19869E+01
  200000000  5.34729E-10  7.30343E-03  3.06687E+01
  300000000  5.36905E-10  5.97318E-03  3.05777E+01
  400000000  5.36844E-10  5.18449E-03  3.04355E+01
  500000000  5.35083E-10  4.62428E-03  3.06031E+01
  600000000  5.35879E-10  4.23939E-03  3.03402E+01
  700000000  5.34730E-10  3.90946E-03  3.05786E+01
  800000000  5.34509E-10  3.63968E-03  3.08695E+01
  900000000  5.33816E-10  3.41412E-03  3.11852E+01
 1000000000  5.33547E-10  3.28775E-03  3.02641E+01
tally   24    2    0
f        1
      2
d        1
u        0
s        0
m        0
c        0
e        0
t        0
vals
  4.32879E-10 0.0032
tfc   10       1       1       1       1       1       1       1       1
  100000000  4.34024E-10  9.90937E-03  3.32917E+01
  200000000  4.31909E-10  6.98242E-03  3.35534E+01
  300000000  4.31705E-10  5.74889E-03  3.30101E+01
  400000000  4.33403E-10  4.96104E-03  3.32388E+01
  500000000  4.32298E-10  4.43727E-03  3.32371E+01
  600000000  4.31495E-10  4.06859E-03  3.29410E+01
  700000000  4.32620E-10  3.78055E-03  3.26994E+01
  800000000  4.33139E-10  3.55120E-03  3.24268E+01
  900000000  4.33202E-10  3.34717E-03  3.24452E+01
 1000000000  4.32879E-10  3.16472E-03  3.26629E+01
tally   34    2    0
f        1
      3
d        1
u        0
s        0
m        0
c        0
e        0
t        0
vals
  3.39087E-10 0.0042
tfc   10       1       1       1       1       1       1       1       1
  100000000  3.35167E-10  1.31144E-02  1.90077E+01
  200000000  3.33752E-10  9.08489E-03  1.98202E+01
  300000000  3.32788E-10  7.37575E-03  2.00541E+01
  400000000  3.38446E-10  6.61512E-03  1.86946E+01
  500000000  3.37204E-10  5.92691E-03  1.86293E+01
  600000000  3.38934E-10  5.43541E-03  1.84570E+01
  700000000  3.38812E-10  5.01929E-03  1.85509E+01
  800000000  3.39894E-10  4.73549E-03  1.82358E+01
  900000000  3.38958E-10  4.44953E-03  1.83602E+01
 1000000000  3.39087E-10  4.22691E-03  1.83097E+01
tally   44    2    0
f        1
      4
d        1
u        0
s        0
m        0
c        0
e        0
t        0
vals
  4.40398E-10 0.0036
tfc   10       1       1       1       1       1       1       1       1
  100000000  4.42797E-10  1.15465E-02  2.45203E+01
  200000000  4.43533E-10  8.12981E-03  2.47507E+01
  300000000  4.38960E-10  6.57776E-03  2.52151E+01
  400000000  4.38633E-10  5.66620E-03  2.54806E+01
  500000000  4.39142E-10  5.06660E-03  2.54931E+01
  600000000  4.41599E-10  4.65325E-03  2.51833E+01
  700000000  4.42970E-10  4.31988E-03  2.50442E+01
  800000000  4.42251E-10  4.04195E-03  2.50307E+01
  900000000  4.41331E-10  3.80652E-03  2.50871E+01
 1000000000  4.40398E-10  3.60025E-03  2.52383E+01
