mcnp       5.mpi 03/02/18 12:59:45     3  1000000000   220185720127
                                                                                
ntal     4
   14   24   34   44
tally   14    2    0
f        1
      1
d        1
u        0
s        0
m        0
c        0
e        0
t        0
vals
  5.33507E-10 0.0025
tfc   10       1       1       1       1       1       1       1       1
  100000000  5.35838E-10  7.95632E-03  1.09857E+02
  200000000  5.35394E-10  5.54609E-03  1.13105E+02
  300000000  5.31991E-10  4.49557E-03  1.14787E+02
  400000000  5.32329E-10  3.89952E-03  1.14438E+02
  500000000  5.32172E-10  3.47497E-03  1.15291E+02
  600000000  5.32092E-10  3.17202E-03  1.15308E+02
  700000000  5.32357E-10  2.95046E-03  1.14244E+02
  800000000  5.32887E-10  2.76254E-03  1.14028E+02
  900000000  5.33795E-10  2.60561E-03  1.13951E+02
 1000000000  5.33507E-10  2.46575E-03  1.14537E+02
tally   24    2    0
f        1
      2
d        1
u        0
s        0
m        0
c        0
e        0
t        0
vals
  4.33616E-10 0.0022
tfc   10       1       1       1       1       1       1       1       1
  100000000  4.32253E-10  6.86051E-03  1.47754E+02
  200000000  4.32580E-10  4.84238E-03  1.48367E+02
  300000000  4.32313E-10  3.97157E-03  1.47074E+02
  400000000  4.32949E-10  3.43125E-03  1.47805E+02
  500000000  4.32652E-10  3.06711E-03  1.47992E+02
  600000000  4.32810E-10  2.80342E-03  1.47624E+02
  700000000  4.33768E-10  2.60728E-03  1.46297E+02
  800000000  4.33469E-10  2.43965E-03  1.46209E+02
  900000000  4.33410E-10  2.30031E-03  1.46206E+02
 1000000000  4.33616E-10  2.17535E-03  1.47160E+02
tally   34    2    0
f        1
      3
d        1
u        0
s        0
m        0
c        0
e        0
t        0
vals
  3.39650E-10 0.0022
tfc   10       1       1       1       1       1       1       1       1
  100000000  3.39344E-10  6.97546E-03  1.42924E+02
  200000000  3.39630E-10  4.92291E-03  1.43553E+02
  300000000  3.39222E-10  4.03500E-03  1.42487E+02
  400000000  3.40010E-10  3.50142E-03  1.41941E+02
  500000000  3.38594E-10  3.12825E-03  1.42264E+02
  600000000  3.39726E-10  2.85416E-03  1.42422E+02
  700000000  3.39209E-10  2.64441E-03  1.42218E+02
  800000000  3.39533E-10  2.46928E-03  1.42722E+02
  900000000  3.39488E-10  2.32969E-03  1.42541E+02
 1000000000  3.39650E-10  2.20907E-03  1.42701E+02
tally   44    2    0
f        1
      4
d        1
u        0
s        0
m        0
c        0
e        0
t        0
vals
  4.42545E-10 0.0030
tfc   10       1       1       1       1       1       1       1       1
  100000000  4.40201E-10  9.42119E-03  7.83501E+01
  200000000  4.42987E-10  6.65902E-03  7.84578E+01
  300000000  4.43074E-10  5.39113E-03  7.98183E+01
  400000000  4.41379E-10  4.68393E-03  7.93184E+01
  500000000  4.42488E-10  4.20833E-03  7.86099E+01
  600000000  4.43076E-10  3.85693E-03  7.79919E+01
  700000000  4.43419E-10  3.57011E-03  7.80278E+01
  800000000  4.44442E-10  3.34544E-03  7.77542E+01
  900000000  4.43889E-10  3.15309E-03  7.78153E+01
 1000000000  4.42545E-10  2.98233E-03  7.82953E+01
