mcnp       5.mpi 02/28/18 15:14:46    11 10000000000  8118159944698
 dlvn                                                                           
ntal     6
   14   24   34   44   54   64
tally   14    1    0
f        1
     56
d        1
u        0
s        0
m        0
c        0
e        0
t        0
vals
  7.08484E-07 0.0004
tfc   10       1       1       1       1       1       1       1       1
 1000000000  7.08242E-07  1.06690E-03  2.24685E+02
 2000000000  7.09186E-07  9.86337E-04  1.31323E+02
 3000000000  7.09326E-07  8.09108E-04  1.30096E+02
 4000000000  7.08818E-07  6.45885E-04  1.53198E+02
 5000000000  7.08681E-07  5.58435E-04  1.63958E+02
 6000000000  7.08841E-07  5.65370E-04  1.33283E+02
 7000000000  7.08748E-07  5.06659E-04  1.42276E+02
 8000000000  7.08654E-07  4.57142E-04  1.52928E+02
 9000000000  7.08535E-07  4.16626E-04  1.63657E+02
10000000000  7.08484E-07  3.85007E-04  1.72493E+02
tally   24    1    0
f        1
     55
d        1
u        0
s        0
m        0
c        0
e        0
t        0
vals
  2.47288E-06 0.0003
tfc   10       1       1       1       1       1       1       1       1
 1000000000  2.47398E-06  7.59402E-04  4.43482E+02
 2000000000  2.47249E-06  6.12826E-04  3.40186E+02
 3000000000  2.47452E-06  5.72166E-04  2.60155E+02
 4000000000  2.47332E-06  4.56603E-04  3.06538E+02
 5000000000  2.47326E-06  4.69237E-04  2.32216E+02
 6000000000  2.47333E-06  4.08695E-04  2.55060E+02
 7000000000  2.47319E-06  3.64375E-04  2.75084E+02
 8000000000  2.47312E-06  3.29105E-04  2.95065E+02
 9000000000  2.47287E-06  3.00697E-04  3.14173E+02
10000000000  2.47288E-06  2.84852E-04  3.15115E+02
tally   34    1    0
f        1
     54
d        1
u        0
s        0
m        0
c        0
e        0
t        0
vals
  4.39964E-07 0.0002
tfc   10       1       1       1       1       1       1       1       1
 1000000000  4.40098E-07  7.15734E-04  4.99248E+02
 2000000000  4.39941E-07  5.03439E-04  5.04078E+02
 3000000000  4.40055E-07  4.18480E-04  4.86325E+02
 4000000000  4.40017E-07  3.59755E-04  4.93799E+02
 5000000000  4.39959E-07  3.20289E-04  4.98418E+02
 6000000000  4.39917E-07  2.92347E-04  4.98472E+02
 7000000000  4.39914E-07  2.71292E-04  4.96238E+02
 8000000000  4.39951E-07  2.53478E-04  4.97403E+02
 9000000000  4.39959E-07  2.39538E-04  4.95085E+02
10000000000  4.39964E-07  2.27400E-04  4.94457E+02
tally   44    1    0
f        1
     53
d        1
u        0
s        0
m        0
c        0
e        0
t        0
vals
  1.44831E-05 0.0055
tfc   10       1       1       1       1       1       1       1       1
 1000000000  1.43373E-05  5.05360E-03  1.00142E+01
 2000000000  1.43265E-05  2.93609E-03  1.48201E+01
 3000000000  1.43822E-05  4.60208E-03  4.02131E+00
 4000000000  1.43576E-05  3.53956E-03  5.10111E+00
 5000000000  1.43520E-05  2.91858E-03  6.00252E+00
 6000000000  1.44492E-05  5.83809E-03  1.24997E+00
 7000000000  1.44346E-05  5.05229E-03  1.43083E+00
 8000000000  1.44129E-05  4.43360E-03  1.62583E+00
 9000000000  1.44757E-05  5.93960E-03  8.05218E-01
10000000000  1.44831E-05  5.48322E-03  8.50428E-01
tally   54    1    0
f        1
     52
d        1
u        0
s        0
m        0
c        0
e        0
t        0
vals
  2.52231E-07 0.0004
tfc   10       1       1       1       1       1       1       1       1
 1000000000  2.52260E-07  1.15084E-03  1.93103E+02
 2000000000  2.52314E-07  8.19228E-04  1.90362E+02
 3000000000  2.52272E-07  6.70865E-04  1.89237E+02
 4000000000  2.52409E-07  5.84425E-04  1.87114E+02
 5000000000  2.52287E-07  5.24409E-04  1.85925E+02
 6000000000  2.52224E-07  4.76803E-04  1.87396E+02
 7000000000  2.52247E-07  4.41712E-04  1.87191E+02
 8000000000  2.52236E-07  4.15724E-04  1.84917E+02
 9000000000  2.52200E-07  3.89409E-04  1.87334E+02
10000000000  2.52231E-07  3.68814E-04  1.87973E+02
tally   64    1    0
f        1
     51
d        1
u        0
s        0
m        0
c        0
e        0
t        0
vals
  1.33675E-07 0.0020
tfc   10       1       1       1       1       1       1       1       1
 1000000000  1.33728E-07  6.31839E-03  6.40631E+00
 2000000000  1.34235E-07  4.57560E-03  6.10232E+00
 3000000000  1.33906E-07  3.79912E-03  5.90077E+00
 4000000000  1.33794E-07  3.19803E-03  6.24881E+00
 5000000000  1.33906E-07  2.89250E-03  6.11125E+00
 6000000000  1.33838E-07  2.72788E-03  5.72517E+00
 7000000000  1.33753E-07  2.49440E-03  5.86989E+00
 8000000000  1.33639E-07  2.29047E-03  6.09170E+00
 9000000000  1.33571E-07  2.12252E-03  6.30559E+00
10000000000  1.33675E-07  2.01237E-03  6.31382E+00
