mcnp       5.mpi 03/01/18 09:37:27    11 10000000000  7015906959400
 dlvn                                                                           
ntal     6
   14   24   34   44   54   64
tally   14    1    0
f        1
     56
d        1
u        0
s        0
m        0
c        0
e        0
t        0
vals
  7.08324E-07 0.0002
tfc   10       1       1       1       1       1       1       1       1
 1000000000  7.08157E-07  5.71907E-04  8.92941E+02
 2000000000  7.08234E-07  4.05016E-04  8.90320E+02
 3000000000  7.08211E-07  3.29368E-04  8.97490E+02
 4000000000  7.08465E-07  2.96411E-04  8.31004E+02
 5000000000  7.08345E-07  2.63136E-04  8.43700E+02
 6000000000  7.08402E-07  2.38970E-04  8.52411E+02
 7000000000  7.08388E-07  2.20419E-04  8.58809E+02
 8000000000  7.08413E-07  2.05868E-04  8.61389E+02
 9000000000  7.08366E-07  1.93650E-04  8.65371E+02
10000000000  7.08324E-07  1.83305E-04  8.69191E+02
tally   24    1    0
f        1
     55
d        1
u        0
s        0
m        0
c        0
e        0
t        0
vals
  2.47601E-06 0.0006
tfc   10       1       1       1       1       1       1       1       1
 1000000000  2.47685E-06  1.67256E-03  1.04402E+02
 2000000000  2.48047E-06  2.30837E-03  2.74081E+01
 3000000000  2.47982E-06  1.59407E-03  3.83158E+01
 4000000000  2.48029E-06  1.49884E-03  3.24999E+01
 5000000000  2.47985E-06  1.22226E-03  3.91042E+01
 6000000000  2.47792E-06  1.02452E-03  4.63763E+01
 7000000000  2.47751E-06  8.86437E-04  5.31004E+01
 8000000000  2.47672E-06  7.81300E-04  5.98053E+01
 9000000000  2.47630E-06  6.99264E-04  6.63677E+01
10000000000  2.47601E-06  6.32519E-04  7.29991E+01
tally   34    1    0
f        1
     54
d        1
u        0
s        0
m        0
c        0
e        0
t        0
vals
  4.39918E-07 0.0002
tfc   10       1       1       1       1       1       1       1       1
 1000000000  4.39888E-07  6.86436E-04  6.19830E+02
 2000000000  4.39964E-07  4.89931E-04  6.08445E+02
 3000000000  4.39970E-07  3.98321E-04  6.13655E+02
 4000000000  4.40020E-07  3.45132E-04  6.12944E+02
 5000000000  4.40030E-07  3.08683E-04  6.13091E+02
 6000000000  4.40055E-07  2.82692E-04  6.09127E+02
 7000000000  4.39997E-07  2.61841E-04  6.08579E+02
 8000000000  4.39967E-07  2.45082E-04  6.07790E+02
 9000000000  4.39936E-07  2.30828E-04  6.09064E+02
10000000000  4.39918E-07  2.18717E-04  6.10517E+02
tally   44    1    0
f        1
     53
d        1
u        0
s        0
m        0
c        0
e        0
t        0
vals
  1.44024E-05 0.0022
tfc   10       1       1       1       1       1       1       1       1
 1000000000  1.42991E-05  2.96664E-03  3.31851E+01
 2000000000  1.42974E-05  1.80322E-03  4.49152E+01
 3000000000  1.43287E-05  1.93085E-03  2.61154E+01
 4000000000  1.43545E-05  1.85218E-03  2.12827E+01
 5000000000  1.43683E-05  1.76589E-03  1.87335E+01
 6000000000  1.43532E-05  1.50991E-03  2.13519E+01
 7000000000  1.44188E-05  2.92079E-03  4.89095E+00
 8000000000  1.44205E-05  2.67783E-03  5.09106E+00
 9000000000  1.44167E-05  2.48219E-03  5.26707E+00
10000000000  1.44024E-05  2.24431E-03  5.79831E+00
tally   54    1    0
f        1
     52
d        1
u        0
s        0
m        0
c        0
e        0
t        0
vals
  2.52211E-07 0.0004
tfc   10       1       1       1       1       1       1       1       1
 1000000000  2.52085E-07  1.15398E-03  2.19320E+02
 2000000000  2.52463E-07  8.49619E-04  2.02321E+02
 3000000000  2.52379E-07  6.83471E-04  2.08425E+02
 4000000000  2.52325E-07  5.86428E-04  2.12306E+02
 5000000000  2.52240E-07  5.20972E-04  2.15239E+02
 6000000000  2.52315E-07  4.84830E-04  2.07089E+02
 7000000000  2.52209E-07  4.47455E-04  2.08398E+02
 8000000000  2.52204E-07  4.17708E-04  2.09233E+02
 9000000000  2.52213E-07  3.92925E-04  2.10193E+02
10000000000  2.52211E-07  3.71220E-04  2.11935E+02
tally   64    1    0
f        1
     51
d        1
u        0
s        0
m        0
c        0
e        0
t        0
vals
  1.33479E-07 0.0019
tfc   10       1       1       1       1       1       1       1       1
 1000000000  1.32998E-07  6.32477E-03  7.30100E+00
 2000000000  1.33782E-07  4.54550E-03  7.06850E+00
 3000000000  1.33638E-07  3.62769E-03  7.39827E+00
 4000000000  1.33545E-07  3.07507E-03  7.72112E+00
 5000000000  1.33490E-07  2.70655E-03  7.97476E+00
 6000000000  1.33642E-07  2.45315E-03  8.08885E+00
 7000000000  1.33545E-07  2.26975E-03  8.09912E+00
 8000000000  1.33453E-07  2.09998E-03  8.27839E+00
 9000000000  1.33360E-07  1.96213E-03  8.42911E+00
10000000000  1.33479E-07  1.86802E-03  8.36954E+00
