mcnp       5.mpi 02/27/18 19:22:09    11 10000000000  6798822363000
 dlvn                                                                           
ntal     6
   14   24   34   44   54   64
tally   14    1    0
f        1
     56
d        1
u        0
s        0
m        0
c        0
e        0
t        0
vals
  7.08318E-07 0.0004
tfc   10       1       1       1       1       1       1       1       1
 1000000000  7.07446E-07  9.88353E-04  2.29783E+02
 2000000000  7.08874E-07  9.20290E-04  1.32446E+02
 3000000000  7.08534E-07  7.41647E-04  1.35933E+02
 4000000000  7.08365E-07  6.34480E-04  1.39319E+02
 5000000000  7.08332E-07  5.47843E-04  1.49494E+02
 6000000000  7.08134E-07  4.82595E-04  1.60540E+02
 7000000000  7.08259E-07  4.58441E-04  1.52462E+02
 8000000000  7.08190E-07  4.35201E-04  1.48039E+02
 9000000000  7.08381E-07  4.13016E-04  1.46105E+02
10000000000  7.08318E-07  3.85144E-04  1.51215E+02
tally   24    1    0
f        1
     55
d        1
u        0
s        0
m        0
c        0
e        0
t        0
vals
  2.47478E-06 0.0002
tfc   10       1       1       1       1       1       1       1       1
 1000000000  2.47487E-06  4.98322E-04  9.03902E+02
 2000000000  2.47505E-06  3.52717E-04  9.01642E+02
 3000000000  2.47501E-06  2.86001E-04  9.14079E+02
 4000000000  2.47500E-06  2.46385E-04  9.23882E+02
 5000000000  2.47505E-06  2.20219E-04  9.25175E+02
 6000000000  2.47476E-06  2.00155E-04  9.33287E+02
 7000000000  2.47492E-06  1.84787E-04  9.38393E+02
 8000000000  2.47473E-06  1.72480E-04  9.42491E+02
 9000000000  2.47500E-06  1.63240E-04  9.35287E+02
10000000000  2.47478E-06  1.54838E-04  9.35586E+02
tally   34    1    0
f        1
     54
d        1
u        0
s        0
m        0
c        0
e        0
t        0
vals
  4.40019E-07 0.0002
tfc   10       1       1       1       1       1       1       1       1
 1000000000  4.40213E-07  7.64363E-04  3.84187E+02
 2000000000  4.40372E-07  5.39672E-04  3.85148E+02
 3000000000  4.40299E-07  4.43825E-04  3.79573E+02
 4000000000  4.40063E-07  3.79652E-04  3.89113E+02
 5000000000  4.39976E-07  3.38533E-04  3.91501E+02
 6000000000  4.39910E-07  3.09997E-04  3.89077E+02
 7000000000  4.40031E-07  2.88193E-04  3.85802E+02
 8000000000  4.40005E-07  2.68792E-04  3.88081E+02
 9000000000  4.40075E-07  2.53886E-04  3.86654E+02
10000000000  4.40019E-07  2.40844E-04  3.86696E+02
tally   44    1    0
f        1
     53
d        1
u        0
s        0
m        0
c        0
e        0
t        0
vals
  1.44179E-05 0.0004
tfc   10       1       1       1       1       1       1       1       1
 1000000000  1.44058E-05  7.09822E-04  4.45495E+02
 2000000000  1.44071E-05  5.07688E-04  4.35206E+02
 3000000000  1.44167E-05  5.79292E-04  2.22804E+02
 4000000000  1.44164E-05  4.88323E-04  2.35197E+02
 5000000000  1.44140E-05  4.06112E-04  2.72047E+02
 6000000000  1.44148E-05  3.60364E-04  2.87916E+02
 7000000000  1.44182E-05  3.57636E-04  2.50523E+02
 8000000000  1.44159E-05  3.22034E-04  2.70366E+02
 9000000000  1.44196E-05  3.84066E-04  1.68961E+02
10000000000  1.44179E-05  3.51679E-04  1.81362E+02
tally   54    1    0
f        1
     52
d        1
u        0
s        0
m        0
c        0
e        0
t        0
vals
  2.52235E-07 0.0002
tfc   10       1       1       1       1       1       1       1       1
 1000000000  2.52213E-07  5.39858E-04  7.70162E+02
 2000000000  2.52343E-07  3.79251E-04  7.79893E+02
 3000000000  2.52259E-07  3.09801E-04  7.79029E+02
 4000000000  2.52257E-07  2.69706E-04  7.71019E+02
 5000000000  2.52211E-07  2.40023E-04  7.78808E+02
 6000000000  2.52229E-07  2.19498E-04  7.76047E+02
 7000000000  2.52232E-07  2.03097E-04  7.76826E+02
 8000000000  2.52256E-07  1.92021E-04  7.60426E+02
 9000000000  2.52274E-07  1.80902E-04  7.61573E+02
10000000000  2.52235E-07  1.71579E-04  7.61923E+02
tally   64    1    0
f        1
     51
d        1
u        0
s        0
m        0
c        0
e        0
t        0
vals
  1.33395E-07 0.0002
tfc   10       1       1       1       1       1       1       1       1
 1000000000  1.33386E-07  6.52916E-04  5.26535E+02
 2000000000  1.33463E-07  4.62262E-04  5.24942E+02
 3000000000  1.33465E-07  3.79221E-04  5.19915E+02
 4000000000  1.33447E-07  3.29507E-04  5.16556E+02
 5000000000  1.33442E-07  2.95518E-04  5.13768E+02
 6000000000  1.33435E-07  2.69007E-04  5.16680E+02
 7000000000  1.33416E-07  2.48569E-04  5.18603E+02
 8000000000  1.33408E-07  2.31741E-04  5.22098E+02
 9000000000  1.33408E-07  2.18710E-04  5.21030E+02
10000000000  1.33395E-07  2.08804E-04  5.14471E+02
