mcnp       5.mpi 02/25/18 22:11:03     3  1000000000   366461190694
 steel-plate                                                                    
ntal     1
    4
tally    4    1    0
f        1
     42
d        1
u        0
s        0
m        0
c        0
e        0
t        0
vals
  1.96452E-12 0.0698
tfc   10       1       1       1       1       1       1       1       1
  100000000  1.69638E-12  2.99234E-02  7.97077E+00
  200000000  2.43203E-12  2.44872E-01  5.64646E-02
  300000000  2.42655E-12  1.81076E-01  6.79978E-02
  400000000  2.25655E-12  1.46552E-01  7.82901E-02
  500000000  2.14236E-12  1.23555E-01  8.79770E-02
  600000000  2.06995E-12  1.06649E-01  9.91323E-02
  700000000  2.01487E-12  9.40907E-02  1.09879E-01
  800000000  2.00285E-12  8.43097E-02  1.19044E-01
  900000000  2.00366E-12  7.60024E-02  1.29556E-01
 1000000000  1.96452E-12  6.97731E-02  1.39163E-01
