mcnp       5.mpi 02/24/18 09:10:28    11  1000000000  5386658230131
 steel-plate                                                                    
ntal     1
    4
tally    4    1    0
f        1
     42
d        1
u        0
s        0
m        0
c        0
e        0
t        0
vals
  1.83930E-12 0.0620
tfc   10       1       1       1       1       1       1       1       1
  100000000  2.13491E-12  2.26712E-01  8.78508E-03
  200000000  1.92077E-12  1.27922E-01  1.49725E-02
  300000000  1.92530E-12  9.35045E-02  1.91112E-02
  400000000  1.85622E-12  7.30065E-02  2.40618E-02
  500000000  1.80713E-12  6.00173E-02  2.89828E-02
  600000000  1.77843E-12  5.08892E-02  3.38885E-02
  700000000  1.75193E-12  4.43047E-02  3.83997E-02
  800000000  1.73426E-12  3.92259E-02  4.31339E-02
  900000000  1.85893E-12  6.81386E-02  1.20270E-02
 1000000000  1.83930E-12  6.20312E-02  1.31723E-02
