mcnp       5.mpi 03/05/18 11:03:16     2  1000000000   122437704212
                                                                                
ntal     4
   14   24   34   44
tally   14    2    0
f        1
      1
d        1
u        0
s        0
m        0
c        0
e        0
t        0
vals
  5.11690E-10 0.0435
tfc   10       1       1       1       1       1       1       1       1
  100000000  4.93481E-10  3.13167E-02  1.09398E+01
  200000000  4.90776E-10  2.60087E-02  7.93809E+00
  300000000  4.99566E-10  2.07026E-02  8.35424E+00
  400000000  4.96474E-10  1.79822E-02  8.30592E+00
  500000000  4.89326E-10  1.54766E-02  8.97112E+00
  600000000  4.85776E-10  1.37885E-02  9.41639E+00
  700000000  5.17175E-10  5.93677E-02  4.35421E-01
  800000000  5.12856E-10  5.25551E-02  4.86205E-01
  900000000  5.14059E-10  4.79428E-02  5.19346E-01
 1000000000  5.11690E-10  4.34828E-02  5.68239E-01
tally   24    2    0
f        1
      2
d        1
u        0
s        0
m        0
c        0
e        0
t        0
vals
  4.13906E-10 0.0356
tfc   10       1       1       1       1       1       1       1       1
  100000000  3.71187E-10  3.76617E-02  7.56419E+00
  200000000  3.79994E-10  3.28189E-02  4.98547E+00
  300000000  3.87388E-10  2.80350E-02  4.55571E+00
  400000000  3.93887E-10  3.08192E-02  2.82770E+00
  500000000  3.90374E-10  2.62988E-02  3.10689E+00
  600000000  3.90050E-10  2.34382E-02  3.25890E+00
  700000000  3.88754E-10  2.10211E-02  3.47297E+00
  800000000  4.13208E-10  4.30278E-02  7.25354E-01
  900000000  4.16454E-10  3.90320E-02  7.83540E-01
 1000000000  4.13906E-10  3.55918E-02  8.48140E-01
tally   34    2    0
f        1
      3
d        1
u        0
s        0
m        0
c        0
e        0
t        0
vals
  3.51109E-10 0.0678
tfc   10       1       1       1       1       1       1       1       1
  100000000  4.77217E-10  3.40538E-01  9.25191E-02
  200000000  4.27859E-10  2.15256E-01  1.15890E-01
  300000000  3.87168E-10  1.59382E-01  1.40955E-01
  400000000  3.96174E-10  1.41750E-01  1.33667E-01
  500000000  3.77749E-10  1.19434E-01  1.50641E-01
  600000000  3.75315E-10  1.03699E-01  1.66483E-01
  700000000  3.70119E-10  9.08690E-02  1.85857E-01
  800000000  3.59633E-10  8.20346E-02  1.99551E-01
  900000000  3.54837E-10  7.42511E-02  2.16520E-01
 1000000000  3.51109E-10  6.77619E-02  2.33989E-01
tally   44    2    0
f        1
      4
d        1
u        0
s        0
m        0
c        0
e        0
t        0
vals
  4.08236E-10 0.0257
tfc   10       1       1       1       1       1       1       1       1
  100000000  4.01141E-10  7.84453E-02  1.74353E+00
  200000000  3.89162E-10  4.96901E-02  2.17477E+00
  300000000  3.74831E-10  3.71069E-02  2.60045E+00
  400000000  3.81165E-10  3.74713E-02  1.91283E+00
  500000000  3.88325E-10  3.51479E-02  1.73940E+00
  600000000  3.90021E-10  3.10807E-02  1.85326E+00
  700000000  3.86002E-10  2.78951E-02  1.97221E+00
  800000000  3.94411E-10  2.73933E-02  1.78962E+00
  900000000  4.01218E-10  2.68145E-02  1.66021E+00
 1000000000  4.08236E-10  2.56896E-02  1.62799E+00
