mcnp       5.mpi 02/24/18 21:27:17     3  1000000000   400265547280
 steel-plate                                                                    
ntal     1
    4
tally    4    1    0
f        1
     42
d        1
u        0
s        0
m        0
c        0
e        0
t        0
vals
  2.19147E-12 0.1383
tfc   10       1       1       1       1       1       1       1       1
  100000000  1.88568E-12  1.06947E-01  5.63443E-01
  200000000  2.32222E-12  2.20237E-01  6.75700E-02
  300000000  2.22834E-12  1.63141E-01  8.02970E-02
  400000000  2.13426E-12  1.31143E-01  9.42954E-02
  500000000  2.59166E-12  2.31799E-01  2.15528E-02
  600000000  2.50481E-12  2.01204E-01  2.40638E-02
  700000000  2.38818E-12  1.80942E-01  2.60961E-02
  800000000  2.29149E-12  1.65008E-01  2.80338E-02
  900000000  2.24680E-12  1.49846E-01  3.04805E-02
 1000000000  2.19147E-12  1.38316E-01  3.25255E-02
