mcnp       5.mpi 03/02/18 14:48:49     3  1000000000   227383758243
                                                                                
ntal     4
   14   24   34   44
tally   14    2    0
f        1
      1
d        1
u        0
s        0
m        0
c        0
e        0
t        0
vals
  5.28586E-10 0.0102
tfc   10       1       1       1       1       1       1       1       1
  100000000  5.11629E-10  2.33869E-02  6.63745E+00
  200000000  5.21412E-10  2.87455E-02  2.19415E+00
  300000000  5.31889E-10  2.48155E-02  1.96199E+00
  400000000  5.28479E-10  1.95337E-02  2.37330E+00
  500000000  5.28535E-10  1.60947E-02  2.79869E+00
  600000000  5.27350E-10  1.37649E-02  3.19128E+00
  700000000  5.28693E-10  1.31823E-02  2.98097E+00
  800000000  5.28988E-10  1.17617E-02  3.27700E+00
  900000000  5.28370E-10  1.08083E-02  3.44956E+00
 1000000000  5.28586E-10  1.02251E-02  3.46643E+00
tally   24    2    0
f        1
      2
d        1
u        0
s        0
m        0
c        0
e        0
t        0
vals
  4.36835E-10 0.0118
tfc   10       1       1       1       1       1       1       1       1
  100000000  4.31727E-10  2.76592E-02  4.74533E+00
  200000000  4.27161E-10  1.97348E-02  4.65522E+00
  300000000  4.31073E-10  1.54195E-02  5.08163E+00
  400000000  4.29557E-10  1.30619E-02  5.30779E+00
  500000000  4.30600E-10  1.22912E-02  4.79877E+00
  600000000  4.35930E-10  1.54127E-02  2.54538E+00
  700000000  4.37594E-10  1.49783E-02  2.30896E+00
  800000000  4.38630E-10  1.38674E-02  2.35734E+00
  900000000  4.35633E-10  1.26909E-02  2.50205E+00
 1000000000  4.36835E-10  1.18277E-02  2.59071E+00
tally   34    2    0
f        1
      3
d        1
u        0
s        0
m        0
c        0
e        0
t        0
vals
  3.65071E-10 0.0891
tfc   10       1       1       1       1       1       1       1       1
  100000000  3.07572E-10  4.29823E-02  1.96502E+00
  200000000  3.13216E-10  3.31250E-02  1.65232E+00
  300000000  3.17154E-10  2.80893E-02  1.53130E+00
  400000000  3.24315E-10  2.53467E-02  1.40955E+00
  500000000  3.23179E-10  2.13590E-02  1.58912E+00
  600000000  3.82479E-10  1.40126E-01  3.07948E-02
  700000000  3.74947E-10  1.22677E-01  3.44203E-02
  800000000  3.69596E-10  1.09019E-01  3.81427E-02
  900000000  3.68860E-10  9.79346E-02  4.20151E-02
 1000000000  3.65071E-10  8.91315E-02  4.56198E-02
tally   44    2    0
f        1
      4
d        1
u        0
s        0
m        0
c        0
e        0
t        0
vals
  4.39296E-10 0.0176
tfc   10       1       1       1       1       1       1       1       1
  100000000  4.91061E-10  9.03695E-02  4.44532E-01
  200000000  4.60908E-10  5.09463E-02  6.98525E-01
  300000000  4.43451E-10  3.86656E-02  8.08153E-01
  400000000  4.34454E-10  3.07638E-02  9.56849E-01
  500000000  4.37426E-10  2.70807E-02  9.88551E-01
  600000000  4.41447E-10  2.37970E-02  1.06775E+00
  700000000  4.38490E-10  2.15737E-02  1.11299E+00
  800000000  4.42583E-10  2.08017E-02  1.04765E+00
  900000000  4.40454E-10  1.90054E-02  1.11564E+00
 1000000000  4.39296E-10  1.76233E-02  1.16692E+00
