mcnp       5.mpi 03/01/18 23:43:49    11 10000000000  6782650561849
 dlvn                                                                           
ntal     6
   14   24   34   44   54   64
tally   14    1    0
f        1
     56
d        1
u        0
s        0
m        0
c        0
e        0
t        0
vals
  7.09113E-07 0.0010
tfc   10       1       1       1       1       1       1       1       1
 1000000000  7.06187E-07  9.74170E-04  2.37182E+02
 2000000000  7.08074E-07  1.11833E-03  8.99405E+01
 3000000000  7.10808E-07  3.11908E-03  7.70658E+00
 4000000000  7.10091E-07  2.35528E-03  1.01388E+01
 5000000000  7.09715E-07  1.89559E-03  1.25225E+01
 6000000000  7.09693E-07  1.59295E-03  1.47765E+01
 7000000000  7.09517E-07  1.37412E-03  1.70208E+01
 8000000000  7.09289E-07  1.21542E-03  1.90374E+01
 9000000000  7.09094E-07  1.08619E-03  2.11883E+01
10000000000  7.09113E-07  9.88261E-04  2.30362E+01
tally   24    1    0
f        1
     55
d        1
u        0
s        0
m        0
c        0
e        0
t        0
vals
  2.47469E-06 0.0002
tfc   10       1       1       1       1       1       1       1       1
 1000000000  2.47388E-06  4.88107E-04  9.44759E+02
 2000000000  2.47484E-06  3.42509E-04  9.58847E+02
 3000000000  2.47455E-06  2.80201E-04  9.54933E+02
 4000000000  2.47466E-06  2.42922E-04  9.53096E+02
 5000000000  2.47457E-06  2.17073E-04  9.54919E+02
 6000000000  2.47491E-06  1.98418E-04  9.52384E+02
 7000000000  2.47523E-06  1.84479E-04  9.44353E+02
 8000000000  2.47498E-06  1.72324E-04  9.47041E+02
 9000000000  2.47491E-06  1.62592E-04  9.45602E+02
10000000000  2.47469E-06  1.53936E-04  9.49459E+02
tally   34    1    0
f        1
     54
d        1
u        0
s        0
m        0
c        0
e        0
t        0
vals
  4.39926E-07 0.0002
tfc   10       1       1       1       1       1       1       1       1
 1000000000  4.40045E-07  7.67969E-04  3.81648E+02
 2000000000  4.40146E-07  5.44110E-04  3.79944E+02
 3000000000  4.40118E-07  4.48316E-04  3.73031E+02
 4000000000  4.39965E-07  3.83662E-04  3.82097E+02
 5000000000  4.39847E-07  3.40391E-04  3.88349E+02
 6000000000  4.39898E-07  3.13283E-04  3.82032E+02
 7000000000  4.39927E-07  2.90628E-04  3.80497E+02
 8000000000  4.39900E-07  2.70855E-04  3.83343E+02
 9000000000  4.39923E-07  2.54923E-04  3.84672E+02
10000000000  4.39926E-07  2.42872E-04  3.81418E+02
tally   44    1    0
f        1
     53
d        1
u        0
s        0
m        0
c        0
e        0
t        0
vals
  1.44209E-05 0.0004
tfc   10       1       1       1       1       1       1       1       1
 1000000000  1.44224E-05  1.59065E-03  8.89618E+01
 2000000000  1.44215E-05  8.83719E-04  1.44034E+02
 3000000000  1.44207E-05  7.39598E-04  1.37064E+02
 4000000000  1.44182E-05  5.75985E-04  1.69531E+02
 5000000000  1.44184E-05  4.81277E-04  1.94262E+02
 6000000000  1.44197E-05  4.63405E-04  1.74604E+02
 7000000000  1.44223E-05  4.37159E-04  1.68170E+02
 8000000000  1.44203E-05  3.94320E-04  1.80868E+02
 9000000000  1.44226E-05  3.92266E-04  1.62460E+02
10000000000  1.44209E-05  3.57691E-04  1.75849E+02
tally   54    1    0
f        1
     52
d        1
u        0
s        0
m        0
c        0
e        0
t        0
vals
  2.52249E-07 0.0002
tfc   10       1       1       1       1       1       1       1       1
 1000000000  2.52055E-07  5.24906E-04  8.16933E+02
 2000000000  2.52221E-07  3.80088E-04  7.78618E+02
 3000000000  2.52240E-07  3.13084E-04  7.64879E+02
 4000000000  2.52235E-07  2.72212E-04  7.59028E+02
 5000000000  2.52178E-07  2.42512E-04  7.65086E+02
 6000000000  2.52196E-07  2.21461E-04  7.64505E+02
 7000000000  2.52196E-07  2.05255E-04  7.62854E+02
 8000000000  2.52231E-07  1.95896E-04  7.32843E+02
 9000000000  2.52255E-07  1.84312E-04  7.35869E+02
10000000000  2.52249E-07  1.74669E-04  7.37436E+02
tally   64    1    0
f        1
     51
d        1
u        0
s        0
m        0
c        0
e        0
t        0
vals
  1.33453E-07 0.0002
tfc   10       1       1       1       1       1       1       1       1
 1000000000  1.33409E-07  6.47947E-04  5.36131E+02
 2000000000  1.33500E-07  4.56067E-04  5.40798E+02
 3000000000  1.33460E-07  3.71277E-04  5.43899E+02
 4000000000  1.33436E-07  3.22079E-04  5.42182E+02
 5000000000  1.33448E-07  2.90131E-04  5.34551E+02
 6000000000  1.33455E-07  2.64890E-04  5.34371E+02
 7000000000  1.33451E-07  2.45118E-04  5.34907E+02
 8000000000  1.33452E-07  2.29151E-04  5.35568E+02
 9000000000  1.33439E-07  2.16286E-04  5.34378E+02
10000000000  1.33453E-07  2.05620E-04  5.32140E+02
