mcnp       5.mpi 02/27/18 02:53:42    11 10000000000  7176009734150
 dlvn                                                                           
ntal     6
   14   24   34   44   54   64
tally   14    1    0
f        1
     56
d        1
u        0
s        0
m        0
c        0
e        0
t        0
vals
  7.08286E-07 0.0006
tfc   10       1       1       1       1       1       1       1       1
 1000000000  7.09214E-07  1.35129E-03  1.16940E+02
 2000000000  7.08051E-07  1.10587E-03  8.72823E+01
 3000000000  7.07570E-07  8.55193E-04  9.72902E+01
 4000000000  7.07478E-07  7.01206E-04  1.08558E+02
 5000000000  7.07731E-07  7.04052E-04  8.61431E+01
 6000000000  7.07841E-07  6.56543E-04  8.25492E+01
 7000000000  7.07976E-07  6.33718E-04  7.59438E+01
 8000000000  7.07941E-07  5.85061E-04  7.79623E+01
 9000000000  7.08259E-07  6.88660E-04  5.00165E+01
10000000000  7.08286E-07  6.40144E-04  5.20977E+01
tally   24    1    0
f        1
     55
d        1
u        0
s        0
m        0
c        0
e        0
t        0
vals
  2.47434E-06 0.0002
tfc   10       1       1       1       1       1       1       1       1
 1000000000  2.47387E-06  5.06950E-04  8.30863E+02
 2000000000  2.47447E-06  3.61008E-04  8.19033E+02
 3000000000  2.47466E-06  2.96273E-04  8.10611E+02
 4000000000  2.47448E-06  2.56904E-04  8.08747E+02
 5000000000  2.47436E-06  2.31020E-04  8.00077E+02
 6000000000  2.47439E-06  2.10297E-04  8.04589E+02
 7000000000  2.47445E-06  1.95541E-04  7.97644E+02
 8000000000  2.47434E-06  1.83293E-04  7.94318E+02
 9000000000  2.47455E-06  1.72548E-04  7.96718E+02
10000000000  2.47434E-06  1.63473E-04  7.98878E+02
tally   34    1    0
f        1
     54
d        1
u        0
s        0
m        0
c        0
e        0
t        0
vals
  4.39972E-07 0.0003
tfc   10       1       1       1       1       1       1       1       1
 1000000000  4.39821E-07  7.90962E-04  3.41309E+02
 2000000000  4.40090E-07  5.68620E-04  3.30135E+02
 3000000000  4.40151E-07  4.66988E-04  3.26277E+02
 4000000000  4.40041E-07  4.02649E-04  3.29231E+02
 5000000000  4.39968E-07  3.57870E-04  3.33410E+02
 6000000000  4.40041E-07  3.28925E-04  3.28886E+02
 7000000000  4.39977E-07  3.04108E-04  3.29783E+02
 8000000000  4.39981E-07  2.84482E-04  3.29743E+02
 9000000000  4.40002E-07  2.69109E-04  3.27543E+02
10000000000  4.39972E-07  2.55862E-04  3.26107E+02
tally   44    1    0
f        1
     53
d        1
u        0
s        0
m        0
c        0
e        0
t        0
vals
  1.44505E-05 0.0019
tfc   10       1       1       1       1       1       1       1       1
 1000000000  1.46510E-05  1.59357E-02  8.40844E-01
 2000000000  1.45246E-05  8.04213E-03  1.65042E+00
 3000000000  1.44987E-05  5.39655E-03  2.44324E+00
 4000000000  1.44744E-05  4.05896E-03  3.23983E+00
 5000000000  1.44883E-05  3.73829E-03  3.05552E+00
 6000000000  1.44738E-05  3.12020E-03  3.65489E+00
 7000000000  1.44641E-05  2.67739E-03  4.25463E+00
 8000000000  1.44596E-05  2.35241E-03  4.82237E+00
 9000000000  1.44528E-05  2.09370E-03  5.41120E+00
10000000000  1.44505E-05  1.88735E-03  5.99336E+00
tally   54    1    0
f        1
     52
d        1
u        0
s        0
m        0
c        0
e        0
t        0
vals
  2.52244E-07 0.0002
tfc   10       1       1       1       1       1       1       1       1
 1000000000  2.52167E-07  5.55349E-04  6.92353E+02
 2000000000  2.52237E-07  3.93712E-04  6.88620E+02
 3000000000  2.52305E-07  3.26062E-04  6.69265E+02
 4000000000  2.52226E-07  2.79191E-04  6.84777E+02
 5000000000  2.52187E-07  2.51185E-04  6.76774E+02
 6000000000  2.52194E-07  2.30465E-04  6.69927E+02
 7000000000  2.52205E-07  2.12749E-04  6.73831E+02
 8000000000  2.52213E-07  1.98859E-04  6.74830E+02
 9000000000  2.52246E-07  1.90635E-04  6.52703E+02
10000000000  2.52244E-07  1.81247E-04  6.49881E+02
tally   64    1    0
f        1
     51
d        1
u        0
s        0
m        0
c        0
e        0
t        0
vals
  1.33442E-07 0.0002
tfc   10       1       1       1       1       1       1       1       1
 1000000000  1.33538E-07  6.38091E-04  5.24437E+02
 2000000000  1.33524E-07  4.39417E-04  5.52818E+02
 3000000000  1.33536E-07  3.63780E-04  5.37676E+02
 4000000000  1.33502E-07  3.12217E-04  5.47570E+02
 5000000000  1.33497E-07  2.82849E-04  5.33728E+02
 6000000000  1.33471E-07  2.57663E-04  5.35963E+02
 7000000000  1.33440E-07  2.37619E-04  5.40161E+02
 8000000000  1.33440E-07  2.23670E-04  5.33424E+02
 9000000000  1.33438E-07  2.12625E-04  5.24678E+02
10000000000  1.33442E-07  2.01120E-04  5.27794E+02
