mcnp       5.mpi 02/25/18 02:30:42     3  1000000000   426784483196
 steel-plate                                                                    
ntal     1
    4
tally    4    1    0
f        1
     42
d        1
u        0
s        0
m        0
c        0
e        0
t        0
vals
  2.59694E-12 0.0984
tfc   10       1       1       1       1       1       1       1       1
  100000000  1.91437E-12  1.25760E-01  4.16835E-01
  200000000  2.87261E-12  2.41541E-01  5.15525E-02
  300000000  3.13464E-12  2.07856E-01  3.99639E-02
  400000000  2.99960E-12  1.68237E-01  4.77695E-02
  500000000  3.14820E-12  1.53360E-01  4.51773E-02
  600000000  2.91737E-12  1.37989E-01  4.85254E-02
  700000000  2.79176E-12  1.25289E-01  5.19386E-02
  800000000  2.66238E-12  1.15075E-01  5.50489E-02
  900000000  2.65801E-12  1.05416E-01  5.82440E-02
 1000000000  2.59694E-12  9.84306E-02  6.05796E-02
