mcnp       5.mpi 02/28/18 15:39:18    11 10000000000  6991586795994
 dlvn                                                                           
ntal     6
   14   24   34   44   54   64
tally   14    1    0
f        1
     56
d        1
u        0
s        0
m        0
c        0
e        0
t        0
vals
  7.08136E-07 0.0003
tfc   10       1       1       1       1       1       1       1       1
 1000000000  7.08591E-07  8.14816E-04  4.43377E+02
 2000000000  7.08406E-07  7.27512E-04  2.78028E+02
 3000000000  7.08261E-07  5.88460E-04  2.83302E+02
 4000000000  7.08182E-07  4.89582E-04  3.06963E+02
 5000000000  7.08085E-07  4.17004E-04  3.38516E+02
 6000000000  7.08144E-07  3.79611E-04  3.40420E+02
 7000000000  7.08234E-07  3.63009E-04  3.19066E+02
 8000000000  7.08216E-07  3.48338E-04  3.03206E+02
 9000000000  7.08199E-07  3.30045E-04  3.00207E+02
10000000000  7.08136E-07  3.22574E-04  2.82853E+02
tally   24    1    0
f        1
     55
d        1
u        0
s        0
m        0
c        0
e        0
t        0
vals
  2.47307E-06 0.0003
tfc   10       1       1       1       1       1       1       1       1
 1000000000  2.47324E-06  8.33445E-04  4.23778E+02
 2000000000  2.47238E-06  5.48714E-04  4.88739E+02
 3000000000  2.47316E-06  6.56956E-04  2.27306E+02
 4000000000  2.47291E-06  5.23070E-04  2.68917E+02
 5000000000  2.47236E-06  4.37326E-04  3.07787E+02
 6000000000  2.47248E-06  3.85106E-04  3.30775E+02
 7000000000  2.47218E-06  3.42110E-04  3.59240E+02
 8000000000  2.47256E-06  3.29232E-04  3.39419E+02
 9000000000  2.47289E-06  3.38311E-04  2.85717E+02
10000000000  2.47307E-06  3.15717E-04  2.95272E+02
tally   34    1    0
f        1
     54
d        1
u        0
s        0
m        0
c        0
e        0
t        0
vals
  4.39883E-07 0.0002
tfc   10       1       1       1       1       1       1       1       1
 1000000000  4.40310E-07  7.32867E-04  5.48079E+02
 2000000000  4.40340E-07  5.26146E-04  5.31563E+02
 3000000000  4.40154E-07  4.26533E-04  5.39236E+02
 4000000000  4.40024E-07  3.65639E-04  5.50340E+02
 5000000000  4.40061E-07  3.25472E-04  5.55689E+02
 6000000000  4.40028E-07  2.96499E-04  5.58015E+02
 7000000000  4.39986E-07  2.73971E-04  5.60155E+02
 8000000000  4.39904E-07  2.55882E-04  5.61900E+02
 9000000000  4.39884E-07  2.46344E-04  5.38872E+02
10000000000  4.39883E-07  2.32948E-04  5.42375E+02
tally   44    1    0
f        1
     53
d        1
u        0
s        0
m        0
c        0
e        0
t        0
vals
  1.44582E-05 0.0038
tfc   10       1       1       1       1       1       1       1       1
 1000000000  1.42956E-05  3.61224E-03  2.25601E+01
 2000000000  1.46198E-05  1.50461E-02  6.50010E-01
 3000000000  1.45982E-05  1.05071E-02  8.88624E-01
 4000000000  1.45124E-05  7.93730E-03  1.16786E+00
 5000000000  1.44803E-05  6.40944E-03  1.43291E+00
 6000000000  1.45265E-05  6.03074E-03  1.34881E+00
 7000000000  1.44978E-05  5.21661E-03  1.54504E+00
 8000000000  1.44738E-05  4.59073E-03  1.74573E+00
 9000000000  1.44546E-05  4.09607E-03  1.94910E+00
10000000000  1.44582E-05  3.76647E-03  2.07467E+00
tally   54    1    0
f        1
     52
d        1
u        0
s        0
m        0
c        0
e        0
t        0
vals
  2.52056E-07 0.0004
tfc   10       1       1       1       1       1       1       1       1
 1000000000  2.52311E-07  1.14610E-03  2.24103E+02
 2000000000  2.52382E-07  8.11918E-04  2.23226E+02
 3000000000  2.52262E-07  6.63792E-04  2.22648E+02
 4000000000  2.52231E-07  5.78707E-04  2.19695E+02
 5000000000  2.52221E-07  5.19925E-04  2.17760E+02
 6000000000  2.52189E-07  4.72203E-04  2.20006E+02
 7000000000  2.52115E-07  4.33765E-04  2.23463E+02
 8000000000  2.52076E-07  4.09157E-04  2.19766E+02
 9000000000  2.52064E-07  3.88046E-04  2.17172E+02
10000000000  2.52056E-07  3.67627E-04  2.17773E+02
tally   64    1    0
f        1
     51
d        1
u        0
s        0
m        0
c        0
e        0
t        0
vals
  1.33620E-07 0.0020
tfc   10       1       1       1       1       1       1       1       1
 1000000000  1.32943E-07  5.68022E-03  9.12352E+00
 2000000000  1.33248E-07  5.00895E-03  5.86510E+00
 3000000000  1.33425E-07  3.83407E-03  6.67367E+00
 4000000000  1.33583E-07  3.50085E-03  6.00330E+00
 5000000000  1.33591E-07  2.99916E-03  6.54424E+00
 6000000000  1.33847E-07  2.71306E-03  6.66462E+00
 7000000000  1.33922E-07  2.49373E-03  6.76109E+00
 8000000000  1.33809E-07  2.29480E-03  6.98632E+00
 9000000000  1.33690E-07  2.12447E-03  7.24548E+00
10000000000  1.33620E-07  1.98264E-03  7.48741E+00
