mcnp       5.mpi 02/25/18 22:10:39     6  1000000000  1897572041465
 steel-plate                                                                    
ntal     1
    4
tally    4    1    0
f        1
     42
d        1
u        0
s        0
m        0
c        0
e        0
t        0
vals
  3.14709E-12 0.4699
tfc   10       1       1       1       1       1       1       1       1
  100000000  1.82950E-12  6.45727E-02  3.29812E-01
  200000000  1.73430E-12  3.54821E-02  5.68423E-01
  300000000  1.68785E-12  2.48566E-02  7.86944E-01
  400000000  5.41866E-12  6.82219E-01  6.58864E-04
  500000000  4.64730E-12  6.36363E-01  6.30565E-04
  600000000  4.14841E-12  5.94084E-01  6.16067E-04
  700000000  3.78107E-12  5.58688E-01  6.10063E-04
  800000000  3.51361E-12  5.26064E-01  6.10979E-04
  900000000  3.30350E-12  4.97355E-01  6.14320E-04
 1000000000  3.14709E-12  4.69879E-01  6.22792E-04
