mcnp       5.mpi 03/02/18 11:38:43     3  1000000000   235077629490
                                                                                
ntal     4
   14   24   34   44
tally   14    2    0
f        1
      1
d        1
u        0
s        0
m        0
c        0
e        0
t        0
vals
  5.33295E-10 0.0032
tfc   10       1       1       1       1       1       1       1       1
  100000000  5.41725E-10  1.04935E-02  6.05120E+01
  200000000  5.33128E-10  7.21960E-03  6.39635E+01
  300000000  5.33723E-10  5.86560E-03  6.46235E+01
  400000000  5.31603E-10  5.08467E-03  6.45086E+01
  500000000  5.31430E-10  4.52148E-03  6.52629E+01
  600000000  5.30784E-10  4.10062E-03  6.61262E+01
  700000000  5.32130E-10  3.81803E-03  6.53846E+01
  800000000  5.34132E-10  3.58707E-03  6.48166E+01
  900000000  5.34440E-10  3.37139E-03  6.52244E+01
 1000000000  5.33295E-10  3.18892E-03  6.56132E+01
tally   24    2    0
f        1
      2
d        1
u        0
s        0
m        0
c        0
e        0
t        0
vals
  4.33227E-10 0.0026
tfc   10       1       1       1       1       1       1       1       1
  100000000  4.38857E-10  8.59278E-03  9.02441E+01
  200000000  4.32075E-10  5.82522E-03  9.82504E+01
  300000000  4.32390E-10  4.71858E-03  9.98605E+01
  400000000  4.32452E-10  4.09781E-03  9.93208E+01
  500000000  4.32456E-10  3.68702E-03  9.81470E+01
  600000000  4.33235E-10  3.39592E-03  9.64183E+01
  700000000  4.32916E-10  3.13191E-03  9.71707E+01
  800000000  4.33148E-10  2.94314E-03  9.62821E+01
  900000000  4.33135E-10  2.78074E-03  9.58751E+01
 1000000000  4.33227E-10  2.63422E-03  9.61557E+01
tally   34    2    0
f        1
      3
d        1
u        0
s        0
m        0
c        0
e        0
t        0
vals
  3.39332E-10 0.0024
tfc   10       1       1       1       1       1       1       1       1
  100000000  3.42466E-10  7.75181E-03  1.10887E+02
  200000000  3.41720E-10  5.38932E-03  1.14786E+02
  300000000  3.41607E-10  4.40586E-03  1.14539E+02
  400000000  3.41132E-10  3.79974E-03  1.15515E+02
  500000000  3.41282E-10  3.38829E-03  1.16216E+02
  600000000  3.40343E-10  3.09393E-03  1.16159E+02
  700000000  3.40056E-10  2.86440E-03  1.16168E+02
  800000000  3.39970E-10  2.67160E-03  1.16849E+02
  900000000  3.39242E-10  2.52883E-03  1.15928E+02
 1000000000  3.39332E-10  2.40402E-03  1.15453E+02
tally   44    2    0
f        1
      4
d        1
u        0
s        0
m        0
c        0
e        0
t        0
vals
  4.41338E-10 0.0033
tfc   10       1       1       1       1       1       1       1       1
  100000000  4.47484E-10  1.01216E-02  6.50411E+01
  200000000  4.45338E-10  7.29524E-03  6.26439E+01
  300000000  4.39801E-10  5.91485E-03  6.35519E+01
  400000000  4.40042E-10  5.11721E-03  6.36909E+01
  500000000  4.40456E-10  4.58905E-03  6.33554E+01
  600000000  4.42499E-10  4.22324E-03  6.23422E+01
  700000000  4.42496E-10  3.91191E-03  6.22840E+01
  800000000  4.42316E-10  3.67527E-03  6.17430E+01
  900000000  4.42452E-10  3.47560E-03  6.13717E+01
 1000000000  4.41338E-10  3.28970E-03  6.16547E+01
