mcnp       5.mpi 03/01/18 06:14:05    11 10000000000  7018365461438
 dlvn                                                                           
ntal     6
   14   24   34   44   54   64
tally   14    1    0
f        1
     56
d        1
u        0
s        0
m        0
c        0
e        0
t        0
vals
  7.08269E-07 0.0002
tfc   10       1       1       1       1       1       1       1       1
 1000000000  7.08458E-07  5.75114E-04  8.82735E+02
 2000000000  7.08442E-07  4.07056E-04  8.81262E+02
 3000000000  7.08391E-07  3.30290E-04  8.92423E+02
 4000000000  7.08493E-07  2.85906E-04  8.93233E+02
 5000000000  7.08344E-07  2.55971E-04  8.91636E+02
 6000000000  7.08352E-07  2.33524E-04  8.92798E+02
 7000000000  7.08347E-07  2.16362E-04  8.91408E+02
 8000000000  7.08374E-07  2.02377E-04  8.91455E+02
 9000000000  7.08294E-07  1.90360E-04  8.95662E+02
10000000000  7.08269E-07  1.80650E-04  8.95113E+02
tally   24    1    0
f        1
     55
d        1
u        0
s        0
m        0
c        0
e        0
t        0
vals
  2.47361E-06 0.0003
tfc   10       1       1       1       1       1       1       1       1
 1000000000  2.47467E-06  1.15532E-03  2.18742E+02
 2000000000  2.47368E-06  7.34488E-04  2.70673E+02
 3000000000  2.47416E-06  5.60154E-04  3.10275E+02
 4000000000  2.47468E-06  5.74820E-04  2.20978E+02
 5000000000  2.47544E-06  5.18153E-04  2.17597E+02
 6000000000  2.47417E-06  4.46419E-04  2.44305E+02
 7000000000  2.47397E-06  4.01102E-04  2.59375E+02
 8000000000  2.47348E-06  3.59717E-04  2.82163E+02
 9000000000  2.47371E-06  3.32037E-04  2.94388E+02
10000000000  2.47361E-06  3.07340E-04  3.09253E+02
tally   34    1    0
f        1
     54
d        1
u        0
s        0
m        0
c        0
e        0
t        0
vals
  4.39814E-07 0.0002
tfc   10       1       1       1       1       1       1       1       1
 1000000000  4.40035E-07  6.97017E-04  6.00968E+02
 2000000000  4.39912E-07  4.91529E-04  6.04388E+02
 3000000000  4.39918E-07  3.99241E-04  6.10789E+02
 4000000000  4.40021E-07  3.45146E-04  6.12923E+02
 5000000000  4.40076E-07  3.08870E-04  6.12377E+02
 6000000000  4.40035E-07  2.82185E-04  6.11436E+02
 7000000000  4.39905E-07  2.59512E-04  6.19614E+02
 8000000000  4.39858E-07  2.42628E-04  6.20212E+02
 9000000000  4.39828E-07  2.28839E-04  6.19775E+02
10000000000  4.39814E-07  2.16770E-04  6.21659E+02
tally   44    1    0
f        1
     53
d        1
u        0
s        0
m        0
c        0
e        0
t        0
vals
  1.48149E-05 0.0257
tfc   10       1       1       1       1       1       1       1       1
 1000000000  1.42671E-05  1.74930E-03  9.54136E+01
 2000000000  1.42665E-05  1.12806E-03  1.14748E+02
 3000000000  1.43104E-05  1.61165E-03  3.74817E+01
 4000000000  1.43370E-05  1.63683E-03  2.72524E+01
 5000000000  1.52169E-05  4.99597E-02  2.34062E-02
 6000000000  1.50670E-05  4.20493E-02  2.75359E-02
 7000000000  1.49944E-05  3.62408E-02  3.17718E-02
 8000000000  1.49221E-05  3.18695E-02  3.59478E-02
 9000000000  1.48734E-05  2.84401E-02  4.01266E-02
10000000000  1.48149E-05  2.56979E-02  4.42339E-02
tally   54    1    0
f        1
     52
d        1
u        0
s        0
m        0
c        0
e        0
t        0
vals
  2.52208E-07 0.0004
tfc   10       1       1       1       1       1       1       1       1
 1000000000  2.52411E-07  1.18108E-03  2.09306E+02
 2000000000  2.52352E-07  8.14042E-04  2.20354E+02
 3000000000  2.52273E-07  6.59015E-04  2.24166E+02
 4000000000  2.52287E-07  5.70628E-04  2.24236E+02
 5000000000  2.52222E-07  5.09659E-04  2.24911E+02
 6000000000  2.52283E-07  4.67833E-04  2.22452E+02
 7000000000  2.52217E-07  4.38882E-04  2.16642E+02
 8000000000  2.52204E-07  4.12621E-04  2.14447E+02
 9000000000  2.52221E-07  3.87931E-04  2.15667E+02
10000000000  2.52208E-07  3.67063E-04  2.16806E+02
tally   64    1    0
f        1
     51
d        1
u        0
s        0
m        0
c        0
e        0
t        0
vals
  1.33438E-07 0.0019
tfc   10       1       1       1       1       1       1       1       1
 1000000000  1.33151E-07  6.81066E-03  6.29448E+00
 2000000000  1.34120E-07  4.72914E-03  6.52904E+00
 3000000000  1.34131E-07  3.72552E-03  7.01433E+00
 4000000000  1.33836E-07  3.12034E-03  7.49910E+00
 5000000000  1.33648E-07  2.69807E-03  8.02531E+00
 6000000000  1.33735E-07  2.51617E-03  7.69020E+00
 7000000000  1.33566E-07  2.28811E-03  7.97048E+00
 8000000000  1.33497E-07  2.10848E-03  8.21264E+00
 9000000000  1.33434E-07  1.97091E-03  8.35529E+00
10000000000  1.33438E-07  1.85959E-03  8.44727E+00
