mcnp       5.mpi 02/25/18 11:17:57     3  1000000000   391066757616
 steel-plate                                                                    
ntal     1
    4
tally    4    1    0
f        1
     42
d        1
u        0
s        0
m        0
c        0
e        0
t        0
vals
  2.69997E-12 0.1334
tfc   10       1       1       1       1       1       1       1       1
  100000000  3.18846E-12  3.01904E-01  6.01844E-02
  200000000  3.52527E-12  2.56485E-01  4.56567E-02
  300000000  3.29201E-12  1.91903E-01  5.26047E-02
  400000000  3.57754E-12  2.33857E-01  2.72592E-02
  500000000  3.47683E-12  2.05540E-01  2.86654E-02
  600000000  3.22907E-12  1.84757E-01  3.00681E-02
  700000000  3.02848E-12  1.69022E-01  3.14197E-02
  800000000  2.86561E-12  1.56400E-01  3.25399E-02
  900000000  2.79353E-12  1.43187E-01  3.43839E-02
 1000000000  2.69997E-12  1.33444E-01  3.57796E-02
