mcnp       5.mpi 03/09/18 09:43:40     2  1000000000    56622301410
                                                                                
ntal     4
   14   24   34   44
tally   14    2    0
f        1
      1
d        1
u        0
s        0
m        0
c        0
e        0
t        0
vals
  5.28536E-10 0.0203
tfc   10       1       1       1       1       1       1       1       1
  100000000  5.45301E-10  5.88634E-02  7.28490E+00
  200000000  5.16575E-10  4.83583E-02  5.39864E+00
  300000000  5.12607E-10  3.90384E-02  5.52114E+00
  400000000  5.29628E-10  3.33314E-02  5.68151E+00
  500000000  5.28303E-10  2.96477E-02  5.74626E+00
  600000000  5.28004E-10  2.68406E-02  5.84207E+00
  700000000  5.30598E-10  2.45938E-02  5.96457E+00
  800000000  5.28327E-10  2.27403E-02  6.10662E+00
  900000000  5.29196E-10  2.14786E-02  6.08212E+00
 1000000000  5.28536E-10  2.03318E-02  6.10972E+00
tally   24    2    0
f        1
      2
d        1
u        0
s        0
m        0
c        0
e        0
t        0
vals
  4.61756E-10 0.0857
tfc   10       1       1       1       1       1       1       1       1
  100000000  3.67418E-10  8.34927E-02  3.62091E+00
  200000000  3.54518E-10  6.19197E-02  3.29283E+00
  300000000  4.92855E-10  2.51943E-01  1.32559E-01
  400000000  4.79957E-10  1.95289E-01  1.65506E-01
  500000000  4.78819E-10  1.58557E-01  2.00908E-01
  600000000  4.79315E-10  1.33101E-01  2.37568E-01
  700000000  4.70227E-10  1.17316E-01  2.62129E-01
  800000000  4.66007E-10  1.04150E-01  2.91123E-01
  900000000  4.64578E-10  9.38775E-02  3.18378E-01
 1000000000  4.61756E-10  8.57044E-02  3.43850E-01
tally   34    2    0
f        1
      3
d        1
u        0
s        0
m        0
c        0
e        0
t        0
vals
  3.28373E-10 0.0594
tfc   10       1       1       1       1       1       1       1       1
  100000000  3.21202E-10  1.36235E-01  1.35999E+00
  200000000  2.87296E-10  8.94289E-02  1.57860E+00
  300000000  3.11491E-10  7.25450E-02  1.59881E+00
  400000000  3.12172E-10  6.36593E-02  1.55757E+00
  500000000  3.42069E-10  9.86032E-02  5.19500E-01
  600000000  3.41942E-10  8.60722E-02  5.68100E-01
  700000000  3.44700E-10  7.60393E-02  6.23958E-01
  800000000  3.38866E-10  6.94862E-02  6.54027E-01
  900000000  3.30155E-10  6.41245E-02  6.82369E-01
 1000000000  3.28373E-10  5.94061E-02  7.15669E-01
tally   44    2    0
f        1
      4
d        1
u        0
s        0
m        0
c        0
e        0
t        0
vals
  3.98968E-10 0.0609
tfc   10       1       1       1       1       1       1       1       1
  100000000  3.68634E-10  2.12370E-01  5.59664E-01
  200000000  3.94697E-10  1.43464E-01  6.13394E-01
  300000000  3.67971E-10  1.12887E-01  6.60281E-01
  400000000  3.59392E-10  9.27588E-02  7.33602E-01
  500000000  3.93215E-10  8.59459E-02  6.83781E-01
  600000000  4.11559E-10  7.89113E-02  6.75883E-01
  700000000  4.12438E-10  7.06774E-02  7.22223E-01
  800000000  4.03804E-10  6.81444E-02  6.80035E-01
  900000000  4.06027E-10  6.45873E-02  6.72625E-01
 1000000000  3.98968E-10  6.09453E-02  6.79976E-01
