mcnp       5.mpi 02/26/18 00:28:28     3  1000000000   513414656474
 steel-plate                                                                    
ntal     1
    4
tally    4    1    0
f        1
     42
d        1
u        0
s        0
m        0
c        0
e        0
t        0
vals
  1.76529E-12 0.0677
tfc   10       1       1       1       1       1       1       1       1
  100000000  1.66944E-12  3.52818E-02  4.10638E+00
  200000000  1.64523E-12  2.07789E-02  5.86623E+00
  300000000  1.99782E-12  1.91284E-01  4.65589E-02
  400000000  1.89166E-12  1.51524E-01  5.58343E-02
  500000000  1.83121E-12  1.25233E-01  6.51589E-02
  600000000  1.79322E-12  1.06604E-01  7.48339E-02
  700000000  1.76382E-12  9.29164E-02  8.43686E-02
  800000000  1.74196E-12  8.23299E-02  9.38330E-02
  900000000  1.76518E-12  7.47595E-02  1.00281E-01
 1000000000  1.76529E-12  6.76890E-02  1.10030E-01
