mcnp       5.mpi 03/02/18 14:13:13     3  1000000000   224489313873
                                                                                
ntal     4
   14   24   34   44
tally   14    2    0
f        1
      1
d        1
u        0
s        0
m        0
c        0
e        0
t        0
vals
  5.32014E-10 0.0026
tfc   10       1       1       1       1       1       1       1       1
  100000000  5.38170E-10  8.11145E-03  1.04539E+02
  200000000  5.34717E-10  5.72388E-03  1.05021E+02
  300000000  5.32543E-10  4.73805E-03  1.02208E+02
  400000000  5.32383E-10  4.10412E-03  1.02176E+02
  500000000  5.30753E-10  3.64018E-03  1.03907E+02
  600000000  5.31097E-10  3.30174E-03  1.05253E+02
  700000000  5.31617E-10  3.08260E-03  1.03502E+02
  800000000  5.31128E-10  2.89488E-03  1.02698E+02
  900000000  5.32403E-10  2.72496E-03  1.03027E+02
 1000000000  5.32014E-10  2.58065E-03  1.03389E+02
tally   24    2    0
f        1
      2
d        1
u        0
s        0
m        0
c        0
e        0
t        0
vals
  4.34882E-10 0.0022
tfc   10       1       1       1       1       1       1       1       1
  100000000  4.32687E-10  7.12332E-03  1.35553E+02
  200000000  4.32470E-10  5.05961E-03  1.34407E+02
  300000000  4.34944E-10  4.11634E-03  1.35413E+02
  400000000  4.35581E-10  3.54150E-03  1.37219E+02
  500000000  4.34990E-10  3.15942E-03  1.37936E+02
  600000000  4.34848E-10  2.88516E-03  1.37843E+02
  700000000  4.35190E-10  2.68425E-03  1.36501E+02
  800000000  4.34736E-10  2.51524E-03  1.36038E+02
  900000000  4.34973E-10  2.36064E-03  1.37282E+02
 1000000000  4.34882E-10  2.23725E-03  1.37563E+02
tally   34    2    0
f        1
      3
d        1
u        0
s        0
m        0
c        0
e        0
t        0
vals
  3.40083E-10 0.0022
tfc   10       1       1       1       1       1       1       1       1
  100000000  3.36620E-10  6.97697E-03  1.41300E+02
  200000000  3.40060E-10  4.93003E-03  1.41566E+02
  300000000  3.39477E-10  4.02248E-03  1.41806E+02
  400000000  3.40162E-10  3.48776E-03  1.41480E+02
  500000000  3.39612E-10  3.11695E-03  1.41720E+02
  600000000  3.38767E-10  2.84819E-03  1.41444E+02
  700000000  3.38931E-10  2.63573E-03  1.41573E+02
  800000000  3.39498E-10  2.46721E-03  1.41387E+02
  900000000  3.39916E-10  2.32552E-03  1.41459E+02
 1000000000  3.40083E-10  2.20528E-03  1.41580E+02
tally   44    2    0
f        1
      4
d        1
u        0
s        0
m        0
c        0
e        0
t        0
vals
  4.41967E-10 0.0030
tfc   10       1       1       1       1       1       1       1       1
  100000000  4.34386E-10  9.08458E-03  8.33424E+01
  200000000  4.39618E-10  6.52204E-03  8.08891E+01
  300000000  4.37602E-10  5.32948E-03  8.07818E+01
  400000000  4.38571E-10  4.65433E-03  7.94465E+01
  500000000  4.40002E-10  4.21366E-03  7.75483E+01
  600000000  4.42175E-10  3.85556E-03  7.71873E+01
  700000000  4.42081E-10  3.57400E-03  7.69969E+01
  800000000  4.42439E-10  3.34043E-03  7.71289E+01
  900000000  4.42233E-10  3.16094E-03  7.65667E+01
 1000000000  4.41967E-10  2.99513E-03  7.67537E+01
