mcnp       5.mpi 02/26/18 03:10:19    11 10000000000  8494401844213
 dlvn                                                                           
ntal     6
   14   24   34   44   54   64
tally   14    1    0
f        1
     56
d        1
u        0
s        0
m        0
c        0
e        0
t        0
vals
  7.08153E-07 0.0004
tfc   10       1       1       1       1       1       1       1       1
 1000000000  7.07730E-07  1.15128E-03  1.86343E+02
 2000000000  7.07793E-07  7.67418E-04  2.09710E+02
 3000000000  7.07984E-07  5.94643E-04  2.32843E+02
 4000000000  7.08003E-07  5.11601E-04  2.35899E+02
 5000000000  7.08343E-07  6.31981E-04  1.23632E+02
 6000000000  7.08484E-07  6.04674E-04  1.12531E+02
 7000000000  7.08287E-07  5.34539E-04  1.23452E+02
 8000000000  7.08267E-07  4.85143E-04  1.31124E+02
 9000000000  7.08300E-07  4.53627E-04  1.33305E+02
10000000000  7.08153E-07  4.14929E-04  1.43411E+02
tally   24    1    0
f        1
     55
d        1
u        0
s        0
m        0
c        0
e        0
t        0
vals
  2.47415E-06 0.0003
tfc   10       1       1       1       1       1       1       1       1
 1000000000  2.47615E-06  8.00819E-04  3.85129E+02
 2000000000  2.47586E-06  5.67026E-04  3.84129E+02
 3000000000  2.47532E-06  4.31354E-04  4.42494E+02
 4000000000  2.47420E-06  3.58443E-04  4.80560E+02
 5000000000  2.47492E-06  3.88795E-04  3.26662E+02
 6000000000  2.47485E-06  3.46556E-04  3.42585E+02
 7000000000  2.47408E-06  3.11655E-04  3.63168E+02
 8000000000  2.47407E-06  3.03704E-04  3.34596E+02
 9000000000  2.47415E-06  2.97082E-04  3.10807E+02
10000000000  2.47415E-06  2.82515E-04  3.09349E+02
tally   34    1    0
f        1
     54
d        1
u        0
s        0
m        0
c        0
e        0
t        0
vals
  4.39913E-07 0.0002
tfc   10       1       1       1       1       1       1       1       1
 1000000000  4.40235E-07  7.51872E-04  4.36906E+02
 2000000000  4.40030E-07  5.25558E-04  4.47139E+02
 3000000000  4.39962E-07  4.28983E-04  4.47398E+02
 4000000000  4.39985E-07  3.77724E-04  4.32752E+02
 5000000000  4.39959E-07  3.36924E-04  4.34986E+02
 6000000000  4.39984E-07  3.08060E-04  4.33556E+02
 7000000000  4.39960E-07  2.83915E-04  4.37601E+02
 8000000000  4.39948E-07  2.64914E-04  4.39756E+02
 9000000000  4.39939E-07  2.48696E-04  4.43511E+02
10000000000  4.39913E-07  2.35080E-04  4.46784E+02
tally   44    1    0
f        1
     53
d        1
u        0
s        0
m        0
c        0
e        0
t        0
vals
  1.44138E-05 0.0030
tfc   10       1       1       1       1       1       1       1       1
 1000000000  1.43691E-05  5.58394E-03  7.92125E+00
 2000000000  1.43669E-05  3.72946E-03  8.87957E+00
 3000000000  1.43546E-05  2.96573E-03  9.36073E+00
 4000000000  1.44588E-05  6.46265E-03  1.47831E+00
 5000000000  1.44451E-05  5.36460E-03  1.71579E+00
 6000000000  1.44281E-05  4.54066E-03  1.99562E+00
 7000000000  1.44229E-05  4.00782E-03  2.19604E+00
 8000000000  1.44198E-05  3.64216E-03  2.32651E+00
 9000000000  1.44207E-05  3.29098E-03  2.53275E+00
10000000000  1.44138E-05  2.99402E-03  2.75436E+00
tally   54    1    0
f        1
     52
d        1
u        0
s        0
m        0
c        0
e        0
t        0
vals
  2.52107E-07 0.0004
tfc   10       1       1       1       1       1       1       1       1
 1000000000  2.51911E-07  1.05213E-03  2.23117E+02
 2000000000  2.52158E-07  7.89505E-04  1.98141E+02
 3000000000  2.52178E-07  6.40755E-04  2.00535E+02
 4000000000  2.52143E-07  5.53871E-04  2.01266E+02
 5000000000  2.52122E-07  4.90484E-04  2.05253E+02
 6000000000  2.52159E-07  4.48737E-04  2.04330E+02
 7000000000  2.52165E-07  4.12265E-04  2.07541E+02
 8000000000  2.52130E-07  3.84496E-04  2.08755E+02
 9000000000  2.52152E-07  3.83479E-04  1.86534E+02
10000000000  2.52107E-07  3.60824E-04  1.89644E+02
tally   64    1    0
f        1
     51
d        1
u        0
s        0
m        0
c        0
e        0
t        0
vals
  1.33398E-07 0.0016
tfc   10       1       1       1       1       1       1       1       1
 1000000000  1.34440E-07  5.33431E-03  8.67999E+00
 2000000000  1.34442E-07  3.81285E-03  8.49539E+00
 3000000000  1.34503E-07  3.14725E-03  8.31212E+00
 4000000000  1.34204E-07  2.72625E-03  8.30724E+00
 5000000000  1.33857E-07  2.36532E-03  8.82595E+00
 6000000000  1.33660E-07  2.11626E-03  9.18705E+00
 7000000000  1.33596E-07  1.94247E-03  9.34862E+00
 8000000000  1.33514E-07  1.79401E-03  9.58895E+00
 9000000000  1.33494E-07  1.68431E-03  9.66941E+00
10000000000  1.33398E-07  1.61288E-03  9.49132E+00
