mcnp       5.mpi 02/24/18 16:48:08     3  1000000000   407091709019
 steel-plate                                                                    
ntal     1
    4
tally    4    1    0
f        1
     42
d        1
u        0
s        0
m        0
c        0
e        0
t        0
vals
  1.98789E-12 0.1141
tfc   10       1       1       1       1       1       1       1       1
  100000000  1.57458E-12  1.60292E-02  2.53408E+01
  200000000  1.62819E-12  2.57966E-02  4.90145E+00
  300000000  1.76878E-12  8.24269E-02  3.02261E-01
  400000000  1.93612E-12  9.51764E-02  1.66047E-01
  500000000  1.87448E-12  7.87272E-02  1.96768E-01
  600000000  1.88150E-12  6.89589E-02  2.12613E-01
  700000000  1.83435E-12  6.06317E-02  2.38333E-01
  800000000  1.80306E-12  5.39827E-02  2.64924E-01
  900000000  2.01728E-12  1.24760E-01  4.39159E-02
 1000000000  1.98789E-12  1.14084E-01  4.73384E-02
