mcnp       5.mpi 02/25/18 02:30:42    11  1000000000 20644525467439
 steel-plate                                                                    
ntal     1
    4
tally    4    1    0
f        1
     42
d        1
u        0
s        0
m        0
c        0
e        0
t        0
vals
  2.03890E-12 0.2088
tfc   10       1       1       1       1       1       1       1       1
  100000000  1.62411E-12  1.89051E-02  3.86935E-01
  200000000  3.77403E-12  5.63874E-01  1.81329E-04
  300000000  3.04564E-12  4.65823E-01  1.87813E-04
  400000000  2.68384E-12  3.96472E-01  2.00163E-04
  500000000  2.47285E-12  3.44250E-01  2.15158E-04
  600000000  2.32357E-12  3.05308E-01  2.31259E-04
  700000000  2.21949E-12  2.73966E-01  2.48667E-04
  800000000  2.14848E-12  2.47653E-01  2.67840E-04
  900000000  2.08706E-12  2.26616E-01  2.85927E-04
 1000000000  2.03890E-12  2.08774E-01  3.04157E-04
