mcnp       5.mpi 03/01/18 03:06:58    11 10000000000  7021976709860
 dlvn                                                                           
ntal     6
   14   24   34   44   54   64
tally   14    1    0
f        1
     56
d        1
u        0
s        0
m        0
c        0
e        0
t        0
vals
  7.08164E-07 0.0003
tfc   10       1       1       1       1       1       1       1       1
 1000000000  7.07661E-07  5.72000E-04  8.94618E+02
 2000000000  7.08184E-07  6.82010E-04  3.14323E+02
 3000000000  7.07944E-07  4.92361E-04  4.02093E+02
 4000000000  7.07904E-07  3.97021E-04  4.63764E+02
 5000000000  7.07892E-07  3.37563E-04  5.13191E+02
 6000000000  7.08000E-07  2.97237E-04  5.51501E+02
 7000000000  7.08237E-07  3.35295E-04  3.71388E+02
 8000000000  7.08144E-07  3.02074E-04  4.00382E+02
 9000000000  7.08095E-07  2.77620E-04  4.21378E+02
10000000000  7.08164E-07  2.56406E-04  4.44606E+02
tally   24    1    0
f        1
     55
d        1
u        0
s        0
m        0
c        0
e        0
t        0
vals
  2.47534E-06 0.0005
tfc   10       1       1       1       1       1       1       1       1
 1000000000  2.48543E-06  4.26731E-03  1.60739E+01
 2000000000  2.47987E-06  2.18267E-03  3.06888E+01
 3000000000  2.47877E-06  1.47808E-03  4.46168E+01
 4000000000  2.47799E-06  1.17168E-03  5.32484E+01
 5000000000  2.47730E-06  9.51435E-04  6.45994E+01
 6000000000  2.47686E-06  8.07327E-04  7.47569E+01
 7000000000  2.47636E-06  6.99452E-04  8.53429E+01
 8000000000  2.47564E-06  6.17452E-04  9.58290E+01
 9000000000  2.47535E-06  5.56051E-04  1.05038E+02
10000000000  2.47534E-06  5.06487E-04  1.13945E+02
tally   34    1    0
f        1
     54
d        1
u        0
s        0
m        0
c        0
e        0
t        0
vals
  4.39790E-07 0.0002
tfc   10       1       1       1       1       1       1       1       1
 1000000000  4.39508E-07  6.86529E-04  6.21029E+02
 2000000000  4.39696E-07  4.91286E-04  6.05742E+02
 3000000000  4.39715E-07  3.99413E-04  6.11011E+02
 4000000000  4.39824E-07  3.45118E-04  6.13747E+02
 5000000000  4.39906E-07  3.09083E-04  6.12121E+02
 6000000000  4.39931E-07  2.83338E-04  6.06932E+02
 7000000000  4.39839E-07  2.60573E-04  6.14927E+02
 8000000000  4.39821E-07  2.43445E-04  6.16453E+02
 9000000000  4.39765E-07  2.29170E-04  6.18384E+02
10000000000  4.39790E-07  2.17350E-04  6.18746E+02
tally   44    1    0
f        1
     53
d        1
u        0
s        0
m        0
c        0
e        0
t        0
vals
  1.43605E-05 0.0017
tfc   10       1       1       1       1       1       1       1       1
 1000000000  1.45473E-05  1.20348E-02  2.02094E+00
 2000000000  1.44251E-05  6.22223E-03  3.77628E+00
 3000000000  1.43924E-05  4.31823E-03  5.22736E+00
 4000000000  1.43749E-05  3.34131E-03  6.54773E+00
 5000000000  1.43631E-05  2.76141E-03  7.66876E+00
 6000000000  1.43593E-05  2.36558E-03  8.70711E+00
 7000000000  1.43746E-05  2.21628E-03  8.50030E+00
 8000000000  1.43698E-05  1.96976E-03  9.41622E+00
 9000000000  1.43588E-05  1.76692E-03  1.04026E+01
10000000000  1.43605E-05  1.65436E-03  1.06800E+01
tally   54    1    0
f        1
     52
d        1
u        0
s        0
m        0
c        0
e        0
t        0
vals
  2.52331E-07 0.0004
tfc   10       1       1       1       1       1       1       1       1
 1000000000  2.52213E-07  1.19177E-03  2.06084E+02
 2000000000  2.52329E-07  8.35442E-04  2.09471E+02
 3000000000  2.52582E-07  6.88713E-04  2.05503E+02
 4000000000  2.52582E-07  6.29629E-04  1.84397E+02
 5000000000  2.52461E-07  5.58442E-04  1.87513E+02
 6000000000  2.52485E-07  5.03532E-04  1.92175E+02
 7000000000  2.52395E-07  4.61183E-04  1.96307E+02
 8000000000  2.52359E-07  4.27804E-04  1.99624E+02
 9000000000  2.52367E-07  4.02213E-04  2.00753E+02
10000000000  2.52331E-07  3.78437E-04  2.04101E+02
tally   64    1    0
f        1
     51
d        1
u        0
s        0
m        0
c        0
e        0
t        0
vals
  1.33794E-07 0.0019
tfc   10       1       1       1       1       1       1       1       1
 1000000000  1.34285E-07  6.80170E-03  6.32696E+00
 2000000000  1.33526E-07  4.62964E-03  6.82123E+00
 3000000000  1.33690E-07  3.66008E-03  7.27634E+00
 4000000000  1.33790E-07  3.15241E-03  7.35596E+00
 5000000000  1.33774E-07  2.74616E-03  7.75420E+00
 6000000000  1.33842E-07  2.47607E-03  7.94740E+00
 7000000000  1.33689E-07  2.25870E-03  8.18397E+00
 8000000000  1.33720E-07  2.14373E-03  7.94993E+00
 9000000000  1.33787E-07  2.02449E-03  7.92396E+00
10000000000  1.33794E-07  1.91021E-03  8.01066E+00
