mcnp       5.mpi 02/27/18 12:58:43    11 10000000000  6783566411669
 dlvn                                                                           
ntal     6
   14   24   34   44   54   64
tally   14    1    0
f        1
     56
d        1
u        0
s        0
m        0
c        0
e        0
t        0
vals
  7.08278E-07 0.0004
tfc   10       1       1       1       1       1       1       1       1
 1000000000  7.07040E-07  9.77269E-04  2.36054E+02
 2000000000  7.07531E-07  8.05431E-04  1.73659E+02
 3000000000  7.07785E-07  6.91806E-04  1.56915E+02
 4000000000  7.07876E-07  5.91029E-04  1.61254E+02
 5000000000  7.07938E-07  5.18001E-04  1.67943E+02
 6000000000  7.07968E-07  4.65006E-04  1.73659E+02
 7000000000  7.08125E-07  4.35464E-04  1.69715E+02
 8000000000  7.08101E-07  4.09820E-04  1.67653E+02
 9000000000  7.08128E-07  3.82214E-04  1.71321E+02
10000000000  7.08278E-07  3.63159E-04  1.70779E+02
tally   24    1    0
f        1
     55
d        1
u        0
s        0
m        0
c        0
e        0
t        0
vals
  2.47449E-06 0.0002
tfc   10       1       1       1       1       1       1       1       1
 1000000000  2.47227E-06  4.78848E-04  9.83205E+02
 2000000000  2.47379E-06  3.39978E-04  9.74653E+02
 3000000000  2.47406E-06  2.78032E-04  9.71503E+02
 4000000000  2.47417E-06  2.40816E-04  9.71312E+02
 5000000000  2.47435E-06  2.16367E-04  9.62588E+02
 6000000000  2.47462E-06  1.97634E-04  9.61374E+02
 7000000000  2.47482E-06  1.82831E-04  9.62770E+02
 8000000000  2.47448E-06  1.71254E-04  9.60096E+02
 9000000000  2.47454E-06  1.61380E-04  9.61002E+02
10000000000  2.47449E-06  1.54844E-04  9.39376E+02
tally   34    1    0
f        1
     54
d        1
u        0
s        0
m        0
c        0
e        0
t        0
vals
  4.39875E-07 0.0002
tfc   10       1       1       1       1       1       1       1       1
 1000000000  4.39790E-07  7.44243E-04  4.07014E+02
 2000000000  4.40076E-07  5.32027E-04  3.98002E+02
 3000000000  4.40106E-07  4.37157E-04  3.92971E+02
 4000000000  4.39994E-07  3.76836E-04  3.96663E+02
 5000000000  4.39905E-07  3.37359E-04  3.95948E+02
 6000000000  4.39880E-07  3.08193E-04  3.95340E+02
 7000000000  4.39977E-07  2.86631E-04  3.91722E+02
 8000000000  4.39901E-07  2.67148E-04  3.94542E+02
 9000000000  4.39902E-07  2.50872E-04  3.97669E+02
10000000000  4.39875E-07  2.39272E-04  3.93408E+02
tally   44    1    0
f        1
     53
d        1
u        0
s        0
m        0
c        0
e        0
t        0
vals
  1.44112E-05 0.0002
tfc   10       1       1       1       1       1       1       1       1
 1000000000  1.44083E-05  6.79959E-04  4.87611E+02
 2000000000  1.44162E-05  5.87497E-04  3.26393E+02
 3000000000  1.44099E-05  4.35726E-04  3.95556E+02
 4000000000  1.44116E-05  3.61850E-04  4.30200E+02
 5000000000  1.44114E-05  3.10125E-04  4.68543E+02
 6000000000  1.44117E-05  2.97494E-04  4.24288E+02
 7000000000  1.44132E-05  2.72561E-04  4.33207E+02
 8000000000  1.44099E-05  2.46434E-04  4.63655E+02
 9000000000  1.44120E-05  2.60684E-04  3.68294E+02
10000000000  1.44112E-05  2.48880E-04  3.63620E+02
tally   54    1    0
f        1
     52
d        1
u        0
s        0
m        0
c        0
e        0
t        0
vals
  2.52257E-07 0.0002
tfc   10       1       1       1       1       1       1       1       1
 1000000000  2.52100E-07  5.24373E-04  8.19895E+02
 2000000000  2.52228E-07  3.80327E-04  7.78821E+02
 3000000000  2.52237E-07  3.14850E-04  7.57576E+02
 4000000000  2.52272E-07  2.81987E-04  7.08387E+02
 5000000000  2.52224E-07  2.48970E-04  7.26992E+02
 6000000000  2.52243E-07  2.26516E-04  7.31844E+02
 7000000000  2.52217E-07  2.10176E-04  7.28547E+02
 8000000000  2.52226E-07  1.98061E-04  7.17792E+02
 9000000000  2.52266E-07  1.86171E-04  7.22103E+02
10000000000  2.52257E-07  1.77574E-04  7.14284E+02
tally   64    1    0
f        1
     51
d        1
u        0
s        0
m        0
c        0
e        0
t        0
vals
  1.33449E-07 0.0002
tfc   10       1       1       1       1       1       1       1       1
 1000000000  1.33289E-07  6.33381E-04  5.61965E+02
 2000000000  1.33437E-07  4.54848E-04  5.44528E+02
 3000000000  1.33424E-07  3.73837E-04  5.37365E+02
 4000000000  1.33398E-07  3.22894E-04  5.40265E+02
 5000000000  1.33414E-07  2.90225E-04  5.35001E+02
 6000000000  1.33423E-07  2.64186E-04  5.38018E+02
 7000000000  1.33435E-07  2.44817E-04  5.36958E+02
 8000000000  1.33438E-07  2.29524E-04  5.34489E+02
 9000000000  1.33446E-07  2.17415E-04  5.29478E+02
10000000000  1.33449E-07  2.06766E-04  5.26830E+02
