mcnp       5.mpi 02/25/18 02:30:42     3  1000000000   381300223000
 steel-plate                                                                    
ntal     1
    4
tally    4    1    0
f        1
     42
d        1
u        0
s        0
m        0
c        0
e        0
t        0
vals
  2.42455E-12 0.1190
tfc   10       1       1       1       1       1       1       1       1
  100000000  1.93659E-12  8.58176E-02  9.26544E-01
  200000000  2.86006E-12  2.68439E-01  4.30577E-02
  300000000  2.48725E-12  2.06031E-01  5.09070E-02
  400000000  2.28588E-12  1.68226E-01  5.84929E-02
  500000000  2.34755E-12  1.45074E-01  6.28085E-02
  600000000  2.22485E-12  1.27577E-01  6.87054E-02
  700000000  2.22120E-12  1.12526E-01  7.51091E-02
  800000000  2.21854E-12  1.00018E-01  8.26639E-02
  900000000  2.46166E-12  1.29475E-01  4.35168E-02
 1000000000  2.42455E-12  1.18989E-01  4.62654E-02
