mcnp       5.mpi 03/01/18 10:38:17    11 10000000000  6808100722643
 dlvn                                                                           
ntal     6
   14   24   34   44   54   64
tally   14    1    0
f        1
     56
d        1
u        0
s        0
m        0
c        0
e        0
t        0
vals
  7.08133E-07 0.0004
tfc   10       1       1       1       1       1       1       1       1
 1000000000  7.07054E-07  1.06966E-03  1.95870E+02
 2000000000  7.07789E-07  7.51870E-04  1.98155E+02
 3000000000  7.07555E-07  6.07315E-04  2.02461E+02
 4000000000  7.07662E-07  5.33031E-04  1.97130E+02
 5000000000  7.07639E-07  4.81377E-04  1.93374E+02
 6000000000  7.07692E-07  4.37167E-04  1.95360E+02
 7000000000  7.07902E-07  4.08621E-04  1.91636E+02
 8000000000  7.08072E-07  4.13197E-04  1.63981E+02
 9000000000  7.08070E-07  3.83151E-04  1.69514E+02
10000000000  7.08133E-07  3.66748E-04  1.66510E+02
tally   24    1    0
f        1
     55
d        1
u        0
s        0
m        0
c        0
e        0
t        0
vals
  2.47506E-06 0.0002
tfc   10       1       1       1       1       1       1       1       1
 1000000000  2.47575E-06  4.91149E-04  9.29033E+02
 2000000000  2.47456E-06  3.44718E-04  9.42674E+02
 3000000000  2.47447E-06  2.79644E-04  9.54900E+02
 4000000000  2.47443E-06  2.41450E-04  9.60741E+02
 5000000000  2.47471E-06  2.18181E-04  9.41315E+02
 6000000000  2.47485E-06  1.99032E-04  9.42505E+02
 7000000000  2.47524E-06  1.85022E-04  9.34701E+02
 8000000000  2.47512E-06  1.72505E-04  9.40818E+02
 9000000000  2.47502E-06  1.62523E-04  9.42135E+02
10000000000  2.47506E-06  1.55495E-04  9.26278E+02
tally   34    1    0
f        1
     54
d        1
u        0
s        0
m        0
c        0
e        0
t        0
vals
  4.39937E-07 0.0002
tfc   10       1       1       1       1       1       1       1       1
 1000000000  4.39703E-07  7.51131E-04  3.97216E+02
 2000000000  4.39697E-07  5.35293E-04  3.90937E+02
 3000000000  4.39811E-07  4.38198E-04  3.88891E+02
 4000000000  4.39807E-07  3.78630E-04  3.90688E+02
 5000000000  4.39793E-07  3.37974E-04  3.92285E+02
 6000000000  4.39923E-07  3.09905E-04  3.88753E+02
 7000000000  4.39997E-07  2.87146E-04  3.88074E+02
 8000000000  4.39967E-07  2.66963E-04  3.92831E+02
 9000000000  4.39996E-07  2.52137E-04  3.91445E+02
10000000000  4.39937E-07  2.39140E-04  3.91624E+02
tally   44    1    0
f        1
     53
d        1
u        0
s        0
m        0
c        0
e        0
t        0
vals
  1.44459E-05 0.0018
tfc   10       1       1       1       1       1       1       1       1
 1000000000  1.43938E-05  5.49692E-04  7.41685E+02
 2000000000  1.43972E-05  4.27936E-04  6.11691E+02
 3000000000  1.43972E-05  3.49265E-04  6.12152E+02
 4000000000  1.43981E-05  3.58576E-04  4.35609E+02
 5000000000  1.43999E-05  3.09489E-04  4.67819E+02
 6000000000  1.44332E-05  2.20268E-03  7.69529E+00
 7000000000  1.44562E-05  2.59805E-03  4.74051E+00
 8000000000  1.44522E-05  2.27749E-03  5.39753E+00
 9000000000  1.44482E-05  2.02912E-03  6.04409E+00
10000000000  1.44459E-05  1.83174E-03  6.67493E+00
tally   54    1    0
f        1
     52
d        1
u        0
s        0
m        0
c        0
e        0
t        0
vals
  2.52287E-07 0.0002
tfc   10       1       1       1       1       1       1       1       1
 1000000000  2.52304E-07  5.44708E-04  7.55319E+02
 2000000000  2.52305E-07  3.76789E-04  7.89032E+02
 3000000000  2.52309E-07  3.12624E-04  7.64055E+02
 4000000000  2.52242E-07  2.68596E-04  7.76358E+02
 5000000000  2.52215E-07  2.41751E-04  7.66710E+02
 6000000000  2.52199E-07  2.20733E-04  7.66294E+02
 7000000000  2.52211E-07  2.04201E-04  7.67369E+02
 8000000000  2.52252E-07  1.92881E-04  7.52535E+02
 9000000000  2.52268E-07  1.82063E-04  7.50760E+02
10000000000  2.52287E-07  1.77552E-04  7.10430E+02
tally   64    1    0
f        1
     51
d        1
u        0
s        0
m        0
c        0
e        0
t        0
vals
  1.33465E-07 0.0003
tfc   10       1       1       1       1       1       1       1       1
 1000000000  1.33364E-07  6.27444E-04  5.69257E+02
 2000000000  1.33368E-07  4.45918E-04  5.63353E+02
 3000000000  1.33415E-07  3.91717E-04  4.86657E+02
 4000000000  1.33444E-07  3.36343E-04  4.95101E+02
 5000000000  1.33441E-07  2.99340E-04  5.00078E+02
 6000000000  1.33454E-07  2.72631E-04  5.02319E+02
 7000000000  1.33439E-07  2.50852E-04  5.08492E+02
 8000000000  1.33450E-07  2.39908E-04  4.86429E+02
 9000000000  1.33448E-07  2.25772E-04  4.88206E+02
10000000000  1.33465E-07  2.68666E-04  3.10276E+02
