mcnp       5.mpi 02/26/18 01:33:42     3  1000000000   386374959876
 steel-plate                                                                    
ntal     1
    4
tally    4    1    0
f        1
     42
d        1
u        0
s        0
m        0
c        0
e        0
t        0
vals
  2.04925E-12 0.1093
tfc   10       1       1       1       1       1       1       1       1
  100000000  2.41176E-12  3.31230E-01  6.17577E-02
  200000000  2.04489E-12  1.95796E-01  8.90911E-02
  300000000  1.88691E-12  1.41482E-01  1.14231E-01
  400000000  1.81987E-12  1.10148E-01  1.41873E-01
  500000000  1.83292E-12  8.96445E-02  1.68539E-01
  600000000  1.88219E-12  8.55686E-02  1.54277E-01
  700000000  1.83947E-12  7.50580E-02  1.72415E-01
  800000000  1.88551E-12  6.87503E-02  1.78817E-01
  900000000  2.08458E-12  1.19194E-01  5.14144E-02
 1000000000  2.04925E-12  1.09260E-01  5.52588E-02
