mcnp       5.mpi 02/26/18 05:46:56    11 10000000000  6952244969731
 dlvn                                                                           
ntal     6
   14   24   34   44   54   64
tally   14    1    0
f        1
     56
d        1
u        0
s        0
m        0
c        0
e        0
t        0
vals
  7.08536E-07 0.0003
tfc   10       1       1       1       1       1       1       1       1
 1000000000  7.08343E-07  6.81732E-04  6.30504E+02
 2000000000  7.09149E-07  1.03111E-03  1.37720E+02
 3000000000  7.08814E-07  7.22422E-04  1.87088E+02
 4000000000  7.08734E-07  5.65259E-04  2.29184E+02
 5000000000  7.08751E-07  4.74905E-04  2.59786E+02
 6000000000  7.08662E-07  4.12157E-04  2.87472E+02
 7000000000  7.08637E-07  3.66119E-04  3.12239E+02
 8000000000  7.08564E-07  3.32797E-04  3.30648E+02
 9000000000  7.08515E-07  3.04709E-04  3.50603E+02
10000000000  7.08536E-07  2.84418E-04  3.62181E+02
tally   24    1    0
f        1
     55
d        1
u        0
s        0
m        0
c        0
e        0
t        0
vals
  2.47432E-06 0.0004
tfc   10       1       1       1       1       1       1       1       1
 1000000000  2.47348E-06  9.73364E-04  3.09289E+02
 2000000000  2.47837E-06  1.76852E-03  4.68156E+01
 3000000000  2.47646E-06  1.20192E-03  6.75886E+01
 4000000000  2.47603E-06  9.15802E-04  8.73124E+01
 5000000000  2.47630E-06  7.55409E-04  1.02675E+02
 6000000000  2.47595E-06  6.39810E-04  1.19294E+02
 7000000000  2.47510E-06  5.55755E-04  1.35508E+02
 8000000000  2.47499E-06  4.96706E-04  1.48431E+02
 9000000000  2.47448E-06  4.49848E-04  1.60863E+02
10000000000  2.47432E-06  4.09886E-04  1.74387E+02
tally   34    1    0
f        1
     54
d        1
u        0
s        0
m        0
c        0
e        0
t        0
vals
  4.39876E-07 0.0002
tfc   10       1       1       1       1       1       1       1       1
 1000000000  4.40036E-07  7.10106E-04  5.81123E+02
 2000000000  4.39958E-07  4.99303E-04  5.87330E+02
 3000000000  4.39919E-07  4.02959E-04  6.01318E+02
 4000000000  4.39979E-07  3.48613E-04  6.02550E+02
 5000000000  4.39954E-07  3.10706E-04  6.06917E+02
 6000000000  4.39942E-07  2.82915E-04  6.10111E+02
 7000000000  4.39914E-07  2.61830E-04  6.10510E+02
 8000000000  4.39853E-07  2.44632E-04  6.11924E+02
 9000000000  4.39873E-07  2.31050E-04  6.09781E+02
10000000000  4.39876E-07  2.19305E-04  6.09174E+02
tally   44    1    0
f        1
     53
d        1
u        0
s        0
m        0
c        0
e        0
t        0
vals
  1.43606E-05 0.0032
tfc   10       1       1       1       1       1       1       1       1
 1000000000  1.43524E-05  5.19262E-03  1.08678E+01
 2000000000  1.44354E-05  7.31813E-03  2.73408E+00
 3000000000  1.43907E-05  5.02789E-03  3.86238E+00
 4000000000  1.44362E-05  6.85757E-03  1.55718E+00
 5000000000  1.44037E-05  5.52425E-03  1.91992E+00
 6000000000  1.43939E-05  4.67175E-03  2.23749E+00
 7000000000  1.43816E-05  4.06486E-03  2.53303E+00
 8000000000  1.43845E-05  3.92500E-03  2.37708E+00
 9000000000  1.43711E-05  3.49912E-03  2.65869E+00
10000000000  1.43606E-05  3.16152E-03  2.93122E+00
tally   54    1    0
f        1
     52
d        1
u        0
s        0
m        0
c        0
e        0
t        0
vals
  2.52234E-07 0.0004
tfc   10       1       1       1       1       1       1       1       1
 1000000000  2.52624E-07  1.72798E-03  9.81374E+01
 2000000000  2.52419E-07  1.04928E-03  1.32993E+02
 3000000000  2.52285E-07  7.98093E-04  1.53292E+02
 4000000000  2.52345E-07  6.67777E-04  1.64216E+02
 5000000000  2.52333E-07  5.91183E-04  1.67643E+02
 6000000000  2.52324E-07  5.29974E-04  1.73865E+02
 7000000000  2.52286E-07  4.88503E-04  1.75387E+02
 8000000000  2.52254E-07  4.49539E-04  1.81213E+02
 9000000000  2.52264E-07  4.22064E-04  1.82738E+02
10000000000  2.52234E-07  3.99240E-04  1.83811E+02
tally   64    1    0
f        1
     51
d        1
u        0
s        0
m        0
c        0
e        0
t        0
vals
  1.33384E-07 0.0017
tfc   10       1       1       1       1       1       1       1       1
 1000000000  1.33666E-07  5.65429E-03  9.16554E+00
 2000000000  1.34023E-07  3.97521E-03  9.26598E+00
 3000000000  1.34090E-07  3.32041E-03  8.85610E+00
 4000000000  1.34126E-07  2.78314E-03  9.45383E+00
 5000000000  1.33639E-07  2.44123E-03  9.83132E+00
 6000000000  1.33513E-07  2.21605E-03  9.94400E+00
 7000000000  1.33636E-07  2.13400E-03  9.19057E+00
 8000000000  1.33439E-07  1.96348E-03  9.49886E+00
 9000000000  1.33346E-07  1.82841E-03  9.73737E+00
10000000000  1.33384E-07  1.73445E-03  9.73900E+00
