mcnp       5.mpi 02/26/18 02:48:18     3  1000000000   398499723094
 steel-plate                                                                    
ntal     1
    4
tally    4    1    0
f        1
     42
d        1
u        0
s        0
m        0
c        0
e        0
t        0
vals
  2.23487E-12 0.1485
tfc   10       1       1       1       1       1       1       1       1
  100000000  1.59688E-12  1.18824E-02  4.97431E+01
  200000000  1.83030E-12  1.22890E-01  2.29566E-01
  300000000  2.32666E-12  1.65420E-01  7.75746E-02
  400000000  2.19886E-12  1.32827E-01  9.15716E-02
  500000000  2.08894E-12  1.11893E-01  1.04397E-01
  600000000  2.53325E-12  2.17138E-01  2.23844E-02
  700000000  2.44495E-12  1.93588E-01  2.39694E-02
  800000000  2.34838E-12  1.76365E-01  2.55384E-02
  900000000  2.29836E-12  1.60449E-01  2.76058E-02
 1000000000  2.23487E-12  1.48512E-01  2.90162E-02
