mcnp       5.mpi 02/26/18 00:28:22     6  1000000000  2137437827945
 steel-plate                                                                    
ntal     1
    4
tally    4    1    0
f        1
     42
d        1
u        0
s        0
m        0
c        0
e        0
t        0
vals
  1.63999E-12 0.0121
tfc   10       1       1       1       1       1       1       1       1
  100000000  1.73568E-12  6.54646E-02  2.92163E-01
  200000000  1.66837E-12  3.46148E-02  5.26321E-01
  300000000  1.64425E-12  2.44235E-02  7.07718E-01
  400000000  1.63611E-12  1.88826E-02  8.82665E-01
  500000000  1.63565E-12  1.54627E-02  1.05174E+00
  600000000  1.63059E-12  1.31666E-02  1.21178E+00
  700000000  1.62567E-12  1.14618E-02  1.37154E+00
  800000000  1.62922E-12  1.14744E-02  1.19930E+00
  900000000  1.62618E-12  1.02844E-02  1.32966E+00
 1000000000  1.63999E-12  1.20561E-02  8.68814E-01
