mcnp       5.mpi 02/27/18 04:42:33     5 10000000000   665082633868
 dlvn                                                                           
ntal     6
   14   24   34   44   54   64
tally   14    1    0
f        1
     56
d        1
u        0
s        0
m        0
c        0
e        0
t        0
vals
  7.22031E-07 0.0221
tfc   10       1       1       1       1       1       1       1       1
 1000000000  7.03800E-07  2.90475E-03  2.61247E+02
 2000000000  7.06299E-07  3.37976E-03  9.64647E+01
 3000000000  7.59961E-07  6.98109E-02  1.50614E-01
 4000000000  7.46015E-07  5.33444E-02  1.93516E-01
 5000000000  7.38647E-07  4.31185E-02  2.36967E-01
 6000000000  7.32385E-07  3.62436E-02  2.79518E-01
 7000000000  7.28690E-07  3.12359E-02  3.22579E-01
 8000000000  7.25278E-07  2.74626E-02  3.65223E-01
 9000000000  7.23721E-07  2.44946E-02  4.08128E-01
10000000000  7.22031E-07  2.20999E-02  4.51239E-01
tally   24    1    0
f        1
     55
d        1
u        0
s        0
m        0
c        0
e        0
t        0
vals
  2.47549E-06 0.0006
tfc   10       1       1       1       1       1       1       1       1
 1000000000  2.48108E-06  1.81710E-03  6.67593E+02
 2000000000  2.48205E-06  1.78982E-03  3.43970E+02
 3000000000  2.47870E-06  1.34825E-03  4.03804E+02
 4000000000  2.47897E-06  1.12455E-03  4.35450E+02
 5000000000  2.47761E-06  9.73313E-04  4.65062E+02
 6000000000  2.47652E-06  8.64295E-04  4.91528E+02
 7000000000  2.47660E-06  7.81295E-04  5.15601E+02
 8000000000  2.47564E-06  7.17792E-04  5.34621E+02
 9000000000  2.47513E-06  6.68417E-04  5.48079E+02
10000000000  2.47549E-06  6.31273E-04  5.53035E+02
tally   34    1    0
f        1
     54
d        1
u        0
s        0
m        0
c        0
e        0
t        0
vals
  4.39429E-07 0.0008
tfc   10       1       1       1       1       1       1       1       1
 1000000000  4.40204E-07  2.19129E-03  4.59059E+02
 2000000000  4.39342E-07  1.59245E-03  4.34519E+02
 3000000000  4.39105E-07  1.41193E-03  3.68204E+02
 4000000000  4.39001E-07  1.18176E-03  3.94312E+02
 5000000000  4.39455E-07  1.18741E-03  3.12475E+02
 6000000000  4.39471E-07  1.07624E-03  3.16996E+02
 7000000000  4.39444E-07  9.70747E-04  3.33989E+02
 8000000000  4.39328E-07  9.03605E-04  3.37354E+02
 9000000000  4.39330E-07  8.50819E-04  3.38270E+02
10000000000  4.39429E-07  7.98107E-04  3.45991E+02
tally   44    1    0
f        1
     53
d        1
u        0
s        0
m        0
c        0
e        0
t        0
vals
  1.44212E-05 0.0018
tfc   10       1       1       1       1       1       1       1       1
 1000000000  1.43502E-05  2.04169E-03  5.28798E+02
 2000000000  1.43983E-05  1.62410E-03  4.17746E+02
 3000000000  1.43826E-05  1.30559E-03  4.30625E+02
 4000000000  1.43961E-05  1.55662E-03  2.27264E+02
 5000000000  1.43978E-05  1.31951E-03  2.53040E+02
 6000000000  1.43997E-05  1.16432E-03  2.70847E+02
 7000000000  1.43991E-05  1.09927E-03  2.60458E+02
 8000000000  1.43911E-05  9.92740E-04  2.79494E+02
 9000000000  1.44161E-05  1.81547E-03  7.42950E+01
10000000000  1.44212E-05  1.78313E-03  6.93142E+01
tally   54    1    0
f        1
     52
d        1
u        0
s        0
m        0
c        0
e        0
t        0
vals
  2.52236E-07 0.0007
tfc   10       1       1       1       1       1       1       1       1
 1000000000  2.51891E-07  1.79829E-03  6.81635E+02
 2000000000  2.52271E-07  1.42495E-03  5.42678E+02
 3000000000  2.52039E-07  1.12406E-03  5.80943E+02
 4000000000  2.52018E-07  9.53298E-04  6.05952E+02
 5000000000  2.52169E-07  9.81459E-04  4.57374E+02
 6000000000  2.52161E-07  8.75650E-04  4.78863E+02
 7000000000  2.52146E-07  7.92206E-04  5.01496E+02
 8000000000  2.52204E-07  7.55898E-04  4.82077E+02
 9000000000  2.52224E-07  7.08922E-04  4.87238E+02
10000000000  2.52236E-07  6.62418E-04  5.02253E+02
tally   64    1    0
f        1
     51
d        1
u        0
s        0
m        0
c        0
e        0
t        0
vals
  1.33290E-07 0.0016
tfc   10       1       1       1       1       1       1       1       1
 1000000000  1.33331E-07  4.25808E-03  1.21574E+02
 2000000000  1.33466E-07  3.15895E-03  1.10422E+02
 3000000000  1.32847E-07  2.61312E-03  1.07496E+02
 4000000000  1.33185E-07  2.33785E-03  1.00754E+02
 5000000000  1.33015E-07  2.10436E-03  9.94888E+01
 6000000000  1.33173E-07  1.92397E-03  9.91922E+01
 7000000000  1.33332E-07  1.82909E-03  9.40753E+01
 8000000000  1.33245E-07  1.74718E-03  9.02339E+01
 9000000000  1.33265E-07  1.63320E-03  9.18033E+01
10000000000  1.33290E-07  1.59875E-03  8.62234E+01
