mcnp       5.mpi 02/27/18 17:10:52    11 10000000000  6714463412822
 dlvn                                                                           
ntal     6
   14   24   34   44   54   64
tally   14    1    0
f        1
     56
d        1
u        0
s        0
m        0
c        0
e        0
t        0
vals
  7.08169E-07 0.0004
tfc   10       1       1       1       1       1       1       1       1
 1000000000  7.08316E-07  1.08444E-03  1.93432E+02
 2000000000  7.08804E-07  1.12820E-03  8.93526E+01
 3000000000  7.08700E-07  8.96559E-04  9.42995E+01
 4000000000  7.08738E-07  7.33322E-04  1.05717E+02
 5000000000  7.08516E-07  6.22898E-04  1.17217E+02
 6000000000  7.08482E-07  5.47295E-04  1.26545E+02
 7000000000  7.08165E-07  4.88862E-04  1.35955E+02
 8000000000  7.08328E-07  4.59047E-04  1.34910E+02
 9000000000  7.08366E-07  4.32310E-04  1.35214E+02
10000000000  7.08169E-07  3.99841E-04  1.42266E+02
tally   24    1    0
f        1
     55
d        1
u        0
s        0
m        0
c        0
e        0
t        0
vals
  2.47432E-06 0.0002
tfc   10       1       1       1       1       1       1       1       1
 1000000000  2.47385E-06  4.77509E-04  9.97653E+02
 2000000000  2.47411E-06  3.35277E-04  1.01174E+03
 3000000000  2.47348E-06  2.74432E-04  1.00646E+03
 4000000000  2.47371E-06  2.37112E-04  1.01118E+03
 5000000000  2.47373E-06  2.12896E-04  1.00344E+03
 6000000000  2.47390E-06  1.94408E-04  1.00290E+03
 7000000000  2.47391E-06  1.79714E-04  1.00602E+03
 8000000000  2.47412E-06  1.69316E-04  9.91666E+02
 9000000000  2.47435E-06  1.59684E-04  9.91035E+02
10000000000  2.47432E-06  1.52101E-04  9.83132E+02
tally   34    1    0
f        1
     54
d        1
u        0
s        0
m        0
c        0
e        0
t        0
vals
  4.39848E-07 0.0002
tfc   10       1       1       1       1       1       1       1       1
 1000000000  4.40074E-07  9.11103E-04  2.74036E+02
 2000000000  4.40202E-07  5.91734E-04  3.24805E+02
 3000000000  4.40147E-07  4.68364E-04  3.45542E+02
 4000000000  4.40041E-07  3.97192E-04  3.60358E+02
 5000000000  4.39944E-07  3.50415E-04  3.70390E+02
 6000000000  4.39859E-07  3.17054E-04  3.77067E+02
 7000000000  4.39810E-07  2.91864E-04  3.81424E+02
 8000000000  4.39806E-07  2.71475E-04  3.85743E+02
 9000000000  4.39864E-07  2.55889E-04  3.85932E+02
10000000000  4.39848E-07  2.47236E-04  3.72093E+02
tally   44    1    0
f        1
     53
d        1
u        0
s        0
m        0
c        0
e        0
t        0
vals
  1.44110E-05 0.0003
tfc   10       1       1       1       1       1       1       1       1
 1000000000  1.44101E-05  8.30127E-04  3.30106E+02
 2000000000  1.44173E-05  5.95034E-04  3.21213E+02
 3000000000  1.44193E-05  7.06853E-04  1.51708E+02
 4000000000  1.44182E-05  5.59834E-04  1.81392E+02
 5000000000  1.44170E-05  4.79780E-04  1.97579E+02
 6000000000  1.44151E-05  4.11851E-04  2.23462E+02
 7000000000  1.44143E-05  3.65704E-04  2.42947E+02
 8000000000  1.44137E-05  3.28336E-04  2.63707E+02
 9000000000  1.44129E-05  3.05838E-04  2.70166E+02
10000000000  1.44110E-05  2.80580E-04  2.88911E+02
tally   54    1    0
f        1
     52
d        1
u        0
s        0
m        0
c        0
e        0
t        0
vals
  2.52228E-07 0.0002
tfc   10       1       1       1       1       1       1       1       1
 1000000000  2.51913E-07  5.15197E-04  8.57031E+02
 2000000000  2.52130E-07  3.73193E-04  8.16597E+02
 3000000000  2.52166E-07  3.03705E-04  8.21796E+02
 4000000000  2.52166E-07  2.67661E-04  7.93537E+02
 5000000000  2.52159E-07  2.39284E-04  7.94325E+02
 6000000000  2.52191E-07  2.18660E-04  7.92768E+02
 7000000000  2.52195E-07  2.02815E-04  7.89898E+02
 8000000000  2.52226E-07  1.91335E-04  7.76551E+02
 9000000000  2.52250E-07  1.83342E-04  7.51775E+02
10000000000  2.52228E-07  1.73210E-04  7.58107E+02
tally   64    1    0
f        1
     51
d        1
u        0
s        0
m        0
c        0
e        0
t        0
vals
  1.33397E-07 0.0002
tfc   10       1       1       1       1       1       1       1       1
 1000000000  1.33305E-07  6.84286E-04  4.85810E+02
 2000000000  1.33350E-07  4.89305E-04  4.75026E+02
 3000000000  1.33384E-07  4.00783E-04  4.71899E+02
 4000000000  1.33382E-07  3.46567E-04  4.73326E+02
 5000000000  1.33401E-07  3.13771E-04  4.61955E+02
 6000000000  1.33414E-07  2.87247E-04  4.59384E+02
 7000000000  1.33406E-07  2.65823E-04  4.59817E+02
 8000000000  1.33415E-07  2.54751E-04  4.38053E+02
 9000000000  1.33407E-07  2.55226E-04  3.87939E+02
10000000000  1.33397E-07  2.39718E-04  3.95799E+02
