mcnp       5.mpi 03/02/18 11:39:17     3  1000000000   218696904349
                                                                                
ntal     4
   14   24   34   44
tally   14    2    0
f        1
      1
d        1
u        0
s        0
m        0
c        0
e        0
t        0
vals
  5.32804E-10 0.0024
tfc   10       1       1       1       1       1       1       1       1
  100000000  5.31946E-10  7.69162E-03  1.18155E+02
  200000000  5.32139E-10  5.39244E-03  1.20252E+02
  300000000  5.31619E-10  4.41009E-03  1.19891E+02
  400000000  5.32015E-10  3.81632E-03  1.20096E+02
  500000000  5.32997E-10  3.42104E-03  1.19568E+02
  600000000  5.32461E-10  3.11994E-03  1.19808E+02
  700000000  5.32263E-10  2.88531E-03  1.20081E+02
  800000000  5.32393E-10  2.70345E-03  1.19686E+02
  900000000  5.32969E-10  2.55129E-03  1.19459E+02
 1000000000  5.32804E-10  2.41958E-03  1.19537E+02
tally   24    2    0
f        1
      2
d        1
u        0
s        0
m        0
c        0
e        0
t        0
vals
  4.33707E-10 0.0022
tfc   10       1       1       1       1       1       1       1       1
  100000000  4.32664E-10  6.81407E-03  1.50547E+02
  200000000  4.33835E-10  4.82442E-03  1.50236E+02
  300000000  4.33079E-10  3.92711E-03  1.51194E+02
  400000000  4.33070E-10  3.40417E-03  1.50937E+02
  500000000  4.33082E-10  3.04218E-03  1.51204E+02
  600000000  4.33302E-10  2.78066E-03  1.50829E+02
  700000000  4.34241E-10  2.57181E-03  1.51140E+02
  800000000  4.34313E-10  2.40555E-03  1.51165E+02
  900000000  4.33703E-10  2.27081E-03  1.50792E+02
 1000000000  4.33707E-10  2.15320E-03  1.50943E+02
tally   34    2    0
f        1
      3
d        1
u        0
s        0
m        0
c        0
e        0
t        0
vals
  3.38974E-10 0.0023
tfc   10       1       1       1       1       1       1       1       1
  100000000  3.41433E-10  8.03816E-03  1.08187E+02
  200000000  3.40034E-10  5.33121E-03  1.23030E+02
  300000000  3.38492E-10  4.25801E-03  1.28608E+02
  400000000  3.38851E-10  3.64505E-03  1.31648E+02
  500000000  3.37802E-10  3.23978E-03  1.33322E+02
  600000000  3.38816E-10  2.95676E-03  1.33398E+02
  700000000  3.38673E-10  2.71853E-03  1.35267E+02
  800000000  3.38750E-10  2.53207E-03  1.36436E+02
  900000000  3.38742E-10  2.37933E-03  1.37350E+02
 1000000000  3.38974E-10  2.25683E-03  1.37399E+02
tally   44    2    0
f        1
      4
d        1
u        0
s        0
m        0
c        0
e        0
t        0
vals
  4.41913E-10 0.0030
tfc   10       1       1       1       1       1       1       1       1
  100000000  4.41146E-10  9.21229E-03  8.23668E+01
  200000000  4.43701E-10  6.62771E-03  7.96042E+01
  300000000  4.42269E-10  5.39100E-03  8.02308E+01
  400000000  4.41162E-10  4.65099E-03  8.08589E+01
  500000000  4.42880E-10  4.17779E-03  8.01749E+01
  600000000  4.42099E-10  3.83660E-03  7.92298E+01
  700000000  4.41705E-10  3.54970E-03  7.93369E+01
  800000000  4.42225E-10  3.32203E-03  7.92636E+01
  900000000  4.42237E-10  3.13559E-03  7.90859E+01
 1000000000  4.41913E-10  2.96733E-03  7.94791E+01
