mcnp       5.mpi 02/27/18 18:18:25    11 10000000000  6779845313775
 dlvn                                                                           
ntal     6
   14   24   34   44   54   64
tally   14    1    0
f        1
     56
d        1
u        0
s        0
m        0
c        0
e        0
t        0
vals
  7.08339E-07 0.0005
tfc   10       1       1       1       1       1       1       1       1
 1000000000  7.08227E-07  1.56778E-03  9.16241E+01
 2000000000  7.07845E-07  9.39678E-04  1.27502E+02
 3000000000  7.08517E-07  7.79497E-04  1.23490E+02
 4000000000  7.08259E-07  6.36867E-04  1.38765E+02
 5000000000  7.07995E-07  5.52224E-04  1.47672E+02
 6000000000  7.08029E-07  4.94143E-04  1.53672E+02
 7000000000  7.08051E-07  4.52660E-04  1.56962E+02
 8000000000  7.08309E-07  5.19691E-04  1.04201E+02
 9000000000  7.08292E-07  4.83592E-04  1.06969E+02
10000000000  7.08339E-07  4.51592E-04  1.10399E+02
tally   24    1    0
f        1
     55
d        1
u        0
s        0
m        0
c        0
e        0
t        0
vals
  2.47435E-06 0.0002
tfc   10       1       1       1       1       1       1       1       1
 1000000000  2.47411E-06  4.98608E-04  9.05864E+02
 2000000000  2.47427E-06  3.49073E-04  9.23941E+02
 3000000000  2.47436E-06  2.81861E-04  9.44475E+02
 4000000000  2.47428E-06  2.42635E-04  9.56027E+02
 5000000000  2.47394E-06  2.19349E-04  9.35959E+02
 6000000000  2.47427E-06  2.00219E-04  9.36026E+02
 7000000000  2.47440E-06  1.84755E-04  9.42209E+02
 8000000000  2.47419E-06  1.72410E-04  9.46761E+02
 9000000000  2.47442E-06  1.63024E-04  9.41263E+02
10000000000  2.47435E-06  1.54438E-04  9.43959E+02
tally   34    1    0
f        1
     54
d        1
u        0
s        0
m        0
c        0
e        0
t        0
vals
  4.39831E-07 0.0002
tfc   10       1       1       1       1       1       1       1       1
 1000000000  4.40336E-07  9.09313E-04  2.72367E+02
 2000000000  4.40023E-07  5.89806E-04  3.23637E+02
 3000000000  4.40126E-07  4.69834E-04  3.39916E+02
 4000000000  4.39875E-07  3.96307E-04  3.58355E+02
 5000000000  4.39782E-07  3.51166E-04  3.65177E+02
 6000000000  4.39815E-07  3.21865E-04  3.62203E+02
 7000000000  4.39885E-07  2.98278E-04  3.61490E+02
 8000000000  4.39828E-07  2.76528E-04  3.68031E+02
 9000000000  4.39887E-07  2.59909E-04  3.70315E+02
10000000000  4.39831E-07  2.46870E-04  3.69423E+02
tally   44    1    0
f        1
     53
d        1
u        0
s        0
m        0
c        0
e        0
t        0
vals
  1.44303E-05 0.0011
tfc   10       1       1       1       1       1       1       1       1
 1000000000  1.44085E-05  9.62238E-04  2.43229E+02
 2000000000  1.44057E-05  6.38548E-04  2.76114E+02
 3000000000  1.44094E-05  4.77037E-04  3.29729E+02
 4000000000  1.44087E-05  3.85672E-04  3.78391E+02
 5000000000  1.44138E-05  5.24296E-04  1.63823E+02
 6000000000  1.44126E-05  4.52689E-04  1.83105E+02
 7000000000  1.44350E-05  1.46271E-03  1.50322E+01
 8000000000  1.44308E-05  1.28493E-03  1.70452E+01
 9000000000  1.44335E-05  1.17778E-03  1.80337E+01
10000000000  1.44303E-05  1.06208E-03  1.99592E+01
tally   54    1    0
f        1
     52
d        1
u        0
s        0
m        0
c        0
e        0
t        0
vals
  2.52217E-07 0.0002
tfc   10       1       1       1       1       1       1       1       1
 1000000000  2.52179E-07  5.40912E-04  7.69711E+02
 2000000000  2.52185E-07  3.77276E-04  7.90967E+02
 3000000000  2.52160E-07  3.07847E-04  7.91754E+02
 4000000000  2.52138E-07  2.68246E-04  7.82185E+02
 5000000000  2.52114E-07  2.44735E-04  7.51858E+02
 6000000000  2.52156E-07  2.22664E-04  7.56834E+02
 7000000000  2.52181E-07  2.05805E-04  7.59326E+02
 8000000000  2.52206E-07  1.95026E-04  7.39906E+02
 9000000000  2.52217E-07  1.84044E-04  7.38538E+02
10000000000  2.52217E-07  1.76684E-04  7.21218E+02
tally   64    1    0
f        1
     51
d        1
u        0
s        0
m        0
c        0
e        0
t        0
vals
  1.33436E-07 0.0002
tfc   10       1       1       1       1       1       1       1       1
 1000000000  1.33442E-07  6.60961E-04  5.15500E+02
 2000000000  1.33480E-07  4.69171E-04  5.11463E+02
 3000000000  1.33435E-07  3.84836E-04  5.06651E+02
 4000000000  1.33428E-07  3.32743E-04  5.08346E+02
 5000000000  1.33410E-07  3.02814E-04  4.91108E+02
 6000000000  1.33447E-07  2.76638E-04  4.90318E+02
 7000000000  1.33456E-07  2.55465E-04  4.92807E+02
 8000000000  1.33449E-07  2.40942E-04  4.84774E+02
 9000000000  1.33446E-07  2.27037E-04  4.85313E+02
10000000000  1.33436E-07  2.16973E-04  4.78242E+02
