mcnp       5.mpi 02/25/18 16:29:03     3  1000000000   458015484844
 steel-plate                                                                    
ntal     1
    4
tally    4    1    0
f        1
     42
d        1
u        0
s        0
m        0
c        0
e        0
t        0
vals
  2.84728E-12 0.2362
tfc   10       1       1       1       1       1       1       1       1
  100000000  1.64805E-12  2.50158E-02  1.08851E+01
  200000000  1.68746E-12  2.47417E-02  5.51964E+00
  300000000  1.66459E-12  1.83108E-02  6.73599E+00
  400000000  1.66216E-12  1.54737E-02  7.02645E+00
  500000000  1.70703E-12  2.94822E-02  1.55365E+00
  600000000  2.50958E-12  3.24563E-01  8.70738E-03
  700000000  2.37976E-12  2.93377E-01  9.39484E-03
  800000000  2.66633E-12  2.70393E-01  9.41978E-03
  900000000  2.60346E-12  2.46732E-01  1.01015E-02
 1000000000  2.84728E-12  2.36207E-01  1.00343E-02
