mcnp       5.mpi 03/05/18 09:46:56     3  1000000000   437406627747
                                                                                
ntal     4
   14   24   34   44
tally   14    2    0
f        1
      1
d        1
u        0
s        0
m        0
c        0
e        0
t        0
vals
  5.34468E-10 0.0026
tfc   10       1       1       1       1       1       1       1       1
  100000000  5.34010E-10  8.08569E-03  7.90743E+01
  200000000  5.36065E-10  5.67009E-03  8.04336E+01
  300000000  5.35879E-10  4.62440E-03  8.06159E+01
  400000000  5.34957E-10  4.04628E-03  7.89809E+01
  500000000  5.34187E-10  3.61715E-03  7.90678E+01
  600000000  5.33714E-10  3.30080E-03  7.91299E+01
  700000000  5.33696E-10  3.06756E-03  7.85365E+01
  800000000  5.34435E-10  2.87445E-03  7.82780E+01
  900000000  5.34861E-10  2.71341E-03  7.80895E+01
 1000000000  5.34468E-10  2.56174E-03  7.88558E+01
tally   24    2    0
f        1
      2
d        1
u        0
s        0
m        0
c        0
e        0
t        0
vals
  4.34103E-10 0.0107
tfc   10       1       1       1       1       1       1       1       1
  100000000  4.47051E-10  5.11702E-02  1.97440E+00
  200000000  4.39919E-10  2.96760E-02  2.93634E+00
  300000000  4.31531E-10  2.21957E-02  3.49941E+00
  400000000  4.32356E-10  1.87245E-02  3.68821E+00
  500000000  4.31481E-10  1.61089E-02  3.98659E+00
  600000000  4.33432E-10  1.44155E-02  4.14877E+00
  700000000  4.32964E-10  1.29932E-02  4.37748E+00
  800000000  4.33146E-10  1.20482E-02  4.45562E+00
  900000000  4.35415E-10  1.14602E-02  4.37765E+00
 1000000000  4.34103E-10  1.06619E-02  4.55231E+00
tally   34    2    0
f        1
      3
d        1
u        0
s        0
m        0
c        0
e        0
t        0
vals
  3.32443E-10 0.0162
tfc   10       1       1       1       1       1       1       1       1
  100000000  3.54221E-10  6.72509E-02  1.14307E+00
  200000000  3.44812E-10  4.27449E-02  1.41530E+00
  300000000  3.36317E-10  3.22939E-02  1.65306E+00
  400000000  3.35541E-10  2.68898E-02  1.78838E+00
  500000000  3.38144E-10  2.36393E-02  1.85124E+00
  600000000  3.34171E-10  2.14407E-02  1.87543E+00
  700000000  3.32019E-10  1.95639E-02  1.93084E+00
  800000000  3.29782E-10  1.81892E-02  1.95489E+00
  900000000  3.30511E-10  1.69631E-02  1.99806E+00
 1000000000  3.32443E-10  1.62223E-02  1.96642E+00
tally   44    2    0
f        1
      4
d        1
u        0
s        0
m        0
c        0
e        0
t        0
vals
  4.15963E-10 0.0202
tfc   10       1       1       1       1       1       1       1       1
  100000000  4.13314E-10  5.51680E-02  1.69861E+00
  200000000  4.28911E-10  4.17800E-02  1.48143E+00
  300000000  4.16923E-10  3.41684E-02  1.47666E+00
  400000000  4.16019E-10  2.97015E-02  1.46581E+00
  500000000  4.11997E-10  2.64183E-02  1.48226E+00
  600000000  4.12804E-10  2.46028E-02  1.42432E+00
  700000000  4.11199E-10  2.32938E-02  1.36200E+00
  800000000  4.14840E-10  2.27689E-02  1.24757E+00
  900000000  4.19911E-10  2.13776E-02  1.25807E+00
 1000000000  4.15963E-10  2.01965E-02  1.26867E+00
