mcnp       5.mpi 03/05/18 09:47:30     3  1000000000   390992527737
                                                                                
ntal     4
   14   24   34   44
tally   14    2    0
f        1
      1
d        1
u        0
s        0
m        0
c        0
e        0
t        0
vals
  5.33377E-10 0.0040
tfc   10       1       1       1       1       1       1       1       1
  100000000  5.25556E-10  1.24886E-02  3.55530E+01
  200000000  5.27928E-10  9.08931E-03  3.35819E+01
  300000000  5.28007E-10  7.30227E-03  3.46972E+01
  400000000  5.29419E-10  6.31134E-03  3.48431E+01
  500000000  5.30286E-10  5.57144E-03  3.57733E+01
  600000000  5.31298E-10  5.06300E-03  3.61024E+01
  700000000  5.33132E-10  4.70244E-03  3.58745E+01
  800000000  5.33437E-10  4.37123E-03  3.63295E+01
  900000000  5.34168E-10  4.16282E-03  3.56061E+01
 1000000000  5.33377E-10  3.95215E-03  3.55521E+01
tally   24    2    0
f        1
      2
d        1
u        0
s        0
m        0
c        0
e        0
t        0
vals
  4.32899E-10 0.0126
tfc   10       1       1       1       1       1       1       1       1
  100000000  4.17800E-10  2.88688E-02  6.65348E+00
  200000000  4.30783E-10  3.04492E-02  2.99238E+00
  300000000  4.26745E-10  2.25312E-02  3.64452E+00
  400000000  4.24091E-10  1.80721E-02  4.24956E+00
  500000000  4.30139E-10  1.91136E-02  3.03954E+00
  600000000  4.28300E-10  1.65699E-02  3.37065E+00
  700000000  4.30557E-10  1.53651E-02  3.36019E+00
  800000000  4.30872E-10  1.38954E-02  3.59523E+00
  900000000  4.30085E-10  1.31320E-02  3.57796E+00
 1000000000  4.32899E-10  1.26407E-02  3.47527E+00
tally   34    2    0
f        1
      3
d        1
u        0
s        0
m        0
c        0
e        0
t        0
vals
  3.37641E-10 0.0181
tfc   10       1       1       1       1       1       1       1       1
  100000000  3.33335E-10  4.65562E-02  2.55830E+00
  200000000  3.42985E-10  4.52022E-02  1.35784E+00
  300000000  3.34819E-10  3.35350E-02  1.64518E+00
  400000000  3.41771E-10  3.40253E-02  1.19883E+00
  500000000  3.43376E-10  3.01441E-02  1.22205E+00
  600000000  3.40404E-10  2.61825E-02  1.34999E+00
  700000000  3.38316E-10  2.32445E-02  1.46821E+00
  800000000  3.36652E-10  2.11149E-02  1.55700E+00
  900000000  3.39048E-10  1.94096E-02  1.63781E+00
 1000000000  3.37641E-10  1.80748E-02  1.69976E+00
tally   44    2    0
f        1
      4
d        1
u        0
s        0
m        0
c        0
e        0
t        0
vals
  4.31656E-10 0.0198
tfc   10       1       1       1       1       1       1       1       1
  100000000  4.06821E-10  6.03906E-02  1.52044E+00
  200000000  4.18478E-10  4.21130E-02  1.56436E+00
  300000000  4.20142E-10  3.63958E-02  1.39672E+00
  400000000  4.19148E-10  3.15405E-02  1.39516E+00
  500000000  4.14765E-10  2.74079E-02  1.47823E+00
  600000000  4.14617E-10  2.44785E-02  1.54448E+00
  700000000  4.19801E-10  2.28056E-02  1.52527E+00
  800000000  4.26329E-10  2.15715E-02  1.49178E+00
  900000000  4.27958E-10  2.00780E-02  1.53059E+00
 1000000000  4.31656E-10  1.98451E-02  1.41002E+00
