mcnp       5.mpi 02/25/18 10:15:12     3  1000000000   404289115565
 steel-plate                                                                    
ntal     1
    4
tally    4    1    0
f        1
     42
d        1
u        0
s        0
m        0
c        0
e        0
t        0
vals
  2.61508E-12 0.1093
tfc   10       1       1       1       1       1       1       1       1
  100000000  2.74761E-12  4.15781E-01  3.49990E-02
  200000000  2.74384E-12  2.91548E-01  3.85348E-02
  300000000  3.03278E-12  2.27842E-01  3.52902E-02
  400000000  2.67982E-12  1.93396E-01  3.90935E-02
  500000000  2.49904E-12  1.66093E-01  4.38189E-02
  600000000  2.51321E-12  1.43274E-01  4.94243E-02
  700000000  2.45612E-12  1.27967E-01  5.33117E-02
  800000000  2.57337E-12  1.27875E-01  4.73253E-02
  900000000  2.71188E-12  1.17021E-01  4.94334E-02
 1000000000  2.61508E-12  1.09302E-01  5.16296E-02
