mcnp       5.mpi 02/25/18 14:25:39     5  1000000000  1450749857378
 steel-plate                                                                    
ntal     1
    4
tally    4    1    0
f        1
     42
d        1
u        0
s        0
m        0
c        0
e        0
t        0
vals
  2.01989E-12 0.1251
tfc   10       1       1       1       1       1       1       1       1
  100000000  2.86970E-12  3.46063E-01  1.53364E-02
  200000000  2.24778E-12  2.21030E-01  1.94601E-02
  300000000  2.83516E-12  2.96078E-01  6.38665E-03
  400000000  2.52861E-12  2.48984E-01  7.03655E-03
  500000000  2.36840E-12  2.12982E-01  7.81785E-03
  600000000  2.26770E-12  1.85498E-01  8.69038E-03
  700000000  2.17887E-12  1.65516E-01  9.48652E-03
  800000000  2.10930E-12  1.49610E-01  1.02365E-02
  900000000  2.06115E-12  1.36157E-01  1.10307E-02
 1000000000  2.01989E-12  1.25060E-01  1.18111E-02
