mcnp       5.mpi 02/25/18 14:02:56     3  1000000000   438834691001
 steel-plate                                                                    
ntal     1
    4
tally    4    1    0
f        1
     42
d        1
u        0
s        0
m        0
c        0
e        0
t        0
vals
  2.96937E-12 0.2883
tfc   10       1       1       1       1       1       1       1       1
  100000000  3.89366E-12  5.87979E-01  1.91685E-02
  200000000  3.23799E-12  3.82911E-01  2.23721E-02
  300000000  5.40505E-12  5.23301E-01  6.09154E-03
  400000000  4.60010E-12  4.62255E-01  6.26775E-03
  500000000  4.20424E-12  4.07014E-01  6.32731E-03
  600000000  3.79146E-12  3.76117E-01  6.41140E-03
  700000000  3.48755E-12  3.50484E-01  6.38914E-03
  800000000  3.25092E-12  3.28996E-01  6.51793E-03
  900000000  3.08022E-12  3.08667E-01  6.71701E-03
 1000000000  2.96937E-12  2.88298E-01  7.04429E-03
