mcnp       5.mpi 03/05/18 09:47:56     3  1000000000   460885273075
                                                                                
ntal     4
   14   24   34   44
tally   14    2    0
f        1
      1
d        1
u        0
s        0
m        0
c        0
e        0
t        0
vals
  5.32149E-10 0.0023
tfc   10       1       1       1       1       1       1       1       1
  100000000  5.28942E-10  7.03229E-03  9.97190E+01
  200000000  5.30341E-10  4.98641E-03  9.92246E+01
  300000000  5.32707E-10  4.07049E-03  9.92701E+01
  400000000  5.33939E-10  3.57631E-03  9.64584E+01
  500000000  5.33739E-10  3.18843E-03  9.70897E+01
  600000000  5.33350E-10  2.90619E-03  9.73923E+01
  700000000  5.33047E-10  2.72426E-03  9.50039E+01
  800000000  5.32661E-10  2.54248E-03  9.54294E+01
  900000000  5.32714E-10  2.39414E-03  9.56470E+01
 1000000000  5.32149E-10  2.28017E-03  9.48953E+01
tally   24    2    0
f        1
      2
d        1
u        0
s        0
m        0
c        0
e        0
t        0
vals
  4.22864E-10 0.0103
tfc   10       1       1       1       1       1       1       1       1
  100000000  4.44252E-10  3.62635E-02  3.75001E+00
  200000000  4.38069E-10  2.96115E-02  2.81367E+00
  300000000  4.29956E-10  2.17399E-02  3.48014E+00
  400000000  4.29114E-10  1.74965E-02  4.03003E+00
  500000000  4.26324E-10  1.49440E-02  4.41967E+00
  600000000  4.23812E-10  1.31547E-02  4.75347E+00
  700000000  4.22937E-10  1.18820E-02  4.99415E+00
  800000000  4.25958E-10  1.20679E-02  4.23581E+00
  900000000  4.23291E-10  1.10931E-02  4.45516E+00
 1000000000  4.22864E-10  1.03224E-02  4.63040E+00
tally   34    2    0
f        1
      3
d        1
u        0
s        0
m        0
c        0
e        0
t        0
vals
  3.29328E-10 0.0161
tfc   10       1       1       1       1       1       1       1       1
  100000000  3.41301E-10  4.86305E-02  2.08523E+00
  200000000  3.32142E-10  3.56979E-02  1.93602E+00
  300000000  3.32933E-10  2.80688E-02  2.08769E+00
  400000000  3.34659E-10  2.56803E-02  1.87073E+00
  500000000  3.30808E-10  2.22561E-02  1.99263E+00
  600000000  3.28975E-10  2.01385E-02  2.02824E+00
  700000000  3.27784E-10  1.85024E-02  2.05959E+00
  800000000  3.28602E-10  1.74718E-02  2.02078E+00
  900000000  3.30726E-10  1.68813E-02  1.92379E+00
 1000000000  3.29328E-10  1.61123E-02  1.90049E+00
tally   44    2    0
f        1
      4
d        1
u        0
s        0
m        0
c        0
e        0
t        0
vals
  4.29748E-10 0.0197
tfc   10       1       1       1       1       1       1       1       1
  100000000  4.92044E-10  7.01135E-02  1.00315E+00
  200000000  4.68731E-10  4.84941E-02  1.04910E+00
  300000000  4.40795E-10  3.72327E-02  1.18649E+00
  400000000  4.38218E-10  3.11061E-02  1.27503E+00
  500000000  4.42987E-10  2.75031E-02  1.30486E+00
  600000000  4.34130E-10  2.48574E-02  1.33126E+00
  700000000  4.29839E-10  2.26362E-02  1.37604E+00
  800000000  4.32431E-10  2.21403E-02  1.25843E+00
  900000000  4.35437E-10  2.09425E-02  1.25001E+00
 1000000000  4.29748E-10  1.97274E-02  1.26776E+00
