mcnp       5.mpi 03/02/18 12:57:26     2  1000000000   201544720783
                                                                                
ntal     4
   14   24   34   44
tally   14    2    0
f        1
      1
d        1
u        0
s        0
m        0
c        0
e        0
t        0
vals
  5.33600E-10 0.0028
tfc   10       1       1       1       1       1       1       1       1
  100000000  5.31993E-10  9.11313E-03  9.26529E+01
  200000000  5.33636E-10  6.21538E-03  9.96247E+01
  300000000  5.33180E-10  5.16537E-03  9.61894E+01
  400000000  5.31346E-10  4.42507E-03  9.83031E+01
  500000000  5.32313E-10  3.99811E-03  9.63325E+01
  600000000  5.32271E-10  3.60257E-03  9.88808E+01
  700000000  5.33134E-10  3.37101E-03  9.68032E+01
  800000000  5.33363E-10  3.18722E-03  9.47559E+01
  900000000  5.33595E-10  2.99928E-03  9.51137E+01
 1000000000  5.33600E-10  2.84382E-03  9.52165E+01
tally   24    2    0
f        1
      2
d        1
u        0
s        0
m        0
c        0
e        0
t        0
vals
  4.33419E-10 0.0023
tfc   10       1       1       1       1       1       1       1       1
  100000000  4.30861E-10  7.43940E-03  1.39033E+02
  200000000  4.31599E-10  5.14943E-03  1.45139E+02
  300000000  4.32339E-10  4.21538E-03  1.44430E+02
  400000000  4.32816E-10  3.66525E-03  1.43285E+02
  500000000  4.33681E-10  3.27061E-03  1.43954E+02
  600000000  4.33590E-10  2.98506E-03  1.44023E+02
  700000000  4.33739E-10  2.75987E-03  1.44422E+02
  800000000  4.33395E-10  2.61909E-03  1.40323E+02
  900000000  4.33688E-10  2.47297E-03  1.39908E+02
 1000000000  4.33419E-10  2.33886E-03  1.40770E+02
tally   34    2    0
f        1
      3
d        1
u        0
s        0
m        0
c        0
e        0
t        0
vals
  3.40065E-10 0.0023
tfc   10       1       1       1       1       1       1       1       1
  100000000  3.38438E-10  7.29194E-03  1.44713E+02
  200000000  3.38694E-10  5.18568E-03  1.43117E+02
  300000000  3.39034E-10  4.21823E-03  1.44235E+02
  400000000  3.39586E-10  3.65093E-03  1.44411E+02
  500000000  3.39394E-10  3.25256E-03  1.45557E+02
  600000000  3.39593E-10  2.97850E-03  1.44658E+02
  700000000  3.39102E-10  2.75900E-03  1.44513E+02
  800000000  3.39588E-10  2.57648E-03  1.45003E+02
  900000000  3.39617E-10  2.42691E-03  1.45269E+02
 1000000000  3.40065E-10  2.30882E-03  1.44456E+02
tally   44    2    0
f        1
      4
d        1
u        0
s        0
m        0
c        0
e        0
t        0
vals
  4.41446E-10 0.0031
tfc   10       1       1       1       1       1       1       1       1
  100000000  4.34823E-10  9.65556E-03  8.25351E+01
  200000000  4.39074E-10  6.99601E-03  7.86324E+01
  300000000  4.38010E-10  5.66924E-03  7.98510E+01
  400000000  4.38413E-10  4.92136E-03  7.94762E+01
  500000000  4.39756E-10  4.43074E-03  7.84385E+01
  600000000  4.40964E-10  4.04619E-03  7.83870E+01
  700000000  4.41204E-10  3.75367E-03  7.80720E+01
  800000000  4.41719E-10  3.51113E-03  7.80794E+01
  900000000  4.41556E-10  3.30915E-03  7.81350E+01
 1000000000  4.41446E-10  3.14041E-03  7.80810E+01
