mcnp       5.mpi 02/25/18 23:29:19     3  1000000000   379761995570
 steel-plate                                                                    
ntal     1
    4
tally    4    1    0
f        1
     42
d        1
u        0
s        0
m        0
c        0
e        0
t        0
vals
  2.28292E-12 0.1046
tfc   10       1       1       1       1       1       1       1       1
  100000000  1.76560E-12  4.52764E-02  3.48853E+00
  200000000  2.52123E-12  3.14257E-01  3.60100E-02
  300000000  2.41404E-12  2.23404E-01  4.63473E-02
  400000000  2.66705E-12  2.13134E-01  3.51449E-02
  500000000  2.49589E-12  1.82306E-01  3.90678E-02
  600000000  2.46163E-12  1.58195E-01  4.33557E-02
  700000000  2.37663E-12  1.40686E-01  4.73856E-02
  800000000  2.30809E-12  1.26947E-01  5.13709E-02
  900000000  2.32763E-12  1.13679E-01  5.62921E-02
 1000000000  2.28292E-12  1.04644E-01  5.99512E-02
