mcnp       5.mpi 03/05/18 09:46:59     3  1000000000   447504437203
                                                                                
ntal     4
   14   24   34   44
tally   14    2    0
f        1
      1
d        1
u        0
s        0
m        0
c        0
e        0
t        0
vals
  5.33975E-10 0.0025
tfc   10       1       1       1       1       1       1       1       1
  100000000  5.31441E-10  7.68458E-03  8.58293E+01
  200000000  5.32761E-10  5.56699E-03  8.18598E+01
  300000000  5.34537E-10  4.52025E-03  8.27842E+01
  400000000  5.36174E-10  3.92017E-03  8.25630E+01
  500000000  5.33975E-10  3.48054E-03  8.37966E+01
  600000000  5.33146E-10  3.15585E-03  8.49436E+01
  700000000  5.33110E-10  2.92476E-03  8.47705E+01
  800000000  5.34230E-10  2.75785E-03  8.33983E+01
  900000000  5.34405E-10  2.59790E-03  8.35142E+01
 1000000000  5.33975E-10  2.45880E-03  8.38904E+01
tally   24    2    0
f        1
      2
d        1
u        0
s        0
m        0
c        0
e        0
t        0
vals
  4.31667E-10 0.0104
tfc   10       1       1       1       1       1       1       1       1
  100000000  4.26828E-10  2.76715E-02  6.61929E+00
  200000000  4.21167E-10  1.82274E-02  7.63591E+00
  300000000  4.18012E-10  1.47507E-02  7.77408E+00
  400000000  4.26513E-10  1.49799E-02  5.65433E+00
  500000000  4.26482E-10  1.37954E-02  5.33397E+00
  600000000  4.29058E-10  1.25300E-02  5.38844E+00
  700000000  4.31573E-10  1.20133E-02  5.02461E+00
  800000000  4.30627E-10  1.10758E-02  5.17064E+00
  900000000  4.29909E-10  1.02878E-02  5.32549E+00
 1000000000  4.31667E-10  1.03541E-02  4.73080E+00
tally   34    2    0
f        1
      3
d        1
u        0
s        0
m        0
c        0
e        0
t        0
vals
  3.37897E-10 0.0166
tfc   10       1       1       1       1       1       1       1       1
  100000000  3.34462E-10  4.97537E-02  2.04751E+00
  200000000  3.45308E-10  4.47554E-02  1.26654E+00
  300000000  3.34691E-10  3.37814E-02  1.48224E+00
  400000000  3.38212E-10  2.80101E-02  1.61721E+00
  500000000  3.36697E-10  2.42331E-02  1.72863E+00
  600000000  3.36350E-10  2.16420E-02  1.80620E+00
  700000000  3.34268E-10  1.97992E-02  1.84982E+00
  800000000  3.35504E-10  1.86199E-02  1.82955E+00
  900000000  3.36808E-10  1.75465E-02  1.83073E+00
 1000000000  3.37897E-10  1.65987E-02  1.84082E+00
tally   44    2    0
f        1
      4
d        1
u        0
s        0
m        0
c        0
e        0
t        0
vals
  4.28742E-10 0.0199
tfc   10       1       1       1       1       1       1       1       1
  100000000  4.21984E-10  5.55723E-02  1.64119E+00
  200000000  4.25362E-10  4.21337E-02  1.42907E+00
  300000000  4.09879E-10  3.35657E-02  1.50135E+00
  400000000  4.20400E-10  2.96311E-02  1.44511E+00
  500000000  4.29501E-10  2.71208E-02  1.38012E+00
  600000000  4.29024E-10  2.42672E-02  1.43656E+00
  700000000  4.30208E-10  2.24606E-02  1.43741E+00
  800000000  4.30166E-10  2.12925E-02  1.39909E+00
  900000000  4.29311E-10  1.98535E-02  1.42999E+00
 1000000000  4.28742E-10  1.98519E-02  1.28693E+00
