mcnp       5.mpi 03/02/18 14:56:03     3  1000000000   268340853113
                                                                                
ntal     4
   14   24   34   44
tally   14    2    0
f        1
      1
d        1
u        0
s        0
m        0
c        0
e        0
t        0
vals
  5.30119E-10 0.0060
tfc   10       1       1       1       1       1       1       1       1
  100000000  5.34561E-10  1.97877E-02  1.87126E+01
  200000000  5.27645E-10  1.35264E-02  2.00293E+01
  300000000  5.28090E-10  1.09892E-02  2.02249E+01
  400000000  5.30426E-10  9.69658E-03  1.94810E+01
  500000000  5.27389E-10  8.62282E-03  1.97086E+01
  600000000  5.30853E-10  7.84068E-03  1.98631E+01
  700000000  5.32496E-10  7.30478E-03  1.96159E+01
  800000000  5.29780E-10  6.80118E-03  1.98004E+01
  900000000  5.29559E-10  6.40326E-03  1.98550E+01
 1000000000  5.30119E-10  6.04839E-03  2.00262E+01
tally   24    2    0
f        1
      2
d        1
u        0
s        0
m        0
c        0
e        0
t        0
vals
  4.42041E-10 0.0298
tfc   10       1       1       1       1       1       1       1       1
  100000000  4.21389E-10  2.93922E-02  8.48126E+00
  200000000  4.20129E-10  2.28624E-02  7.01111E+00
  300000000  4.27498E-10  2.05498E-02  5.78364E+00
  400000000  4.30032E-10  1.82206E-02  5.51726E+00
  500000000  4.62171E-10  5.58021E-02  4.70602E-01
  600000000  4.57084E-10  4.72293E-02  5.47435E-01
  700000000  4.53577E-10  4.09777E-02  6.23344E-01
  800000000  4.50129E-10  3.62748E-02  6.96036E-01
  900000000  4.46293E-10  3.26459E-02  7.63861E-01
 1000000000  4.42041E-10  2.97680E-02  8.26763E-01
tally   34    2    0
f        1
      3
d        1
u        0
s        0
m        0
c        0
e        0
t        0
vals
  3.52714E-10 0.0606
tfc   10       1       1       1       1       1       1       1       1
  100000000  3.06291E-10  3.49822E-02  5.98730E+00
  200000000  4.23091E-10  2.45044E-01  6.10301E-02
  300000000  3.87281E-10  1.78753E-01  7.64379E-02
  400000000  3.79490E-10  1.37851E-01  9.63892E-02
  500000000  3.74432E-10  1.12809E-01  1.15152E-01
  600000000  3.66444E-10  9.63305E-02  1.31592E-01
  700000000  3.63850E-10  8.35119E-02  1.50081E-01
  800000000  3.58573E-10  7.42809E-02  1.65992E-01
  900000000  3.55561E-10  6.66805E-02  1.83094E-01
 1000000000  3.52714E-10  6.05902E-02  1.99560E-01
tally   44    2    0
f        1
      4
d        1
u        0
s        0
m        0
c        0
e        0
t        0
vals
  4.41292E-10 0.0190
tfc   10       1       1       1       1       1       1       1       1
  100000000  4.11611E-10  5.57776E-02  2.35508E+00
  200000000  4.50748E-10  4.58069E-02  1.74650E+00
  300000000  4.39201E-10  3.56814E-02  1.91837E+00
  400000000  4.27617E-10  2.96537E-02  2.08300E+00
  500000000  4.31953E-10  2.60542E-02  2.15873E+00
  600000000  4.40942E-10  2.31635E-02  2.27587E+00
  700000000  4.44676E-10  2.35718E-02  1.88381E+00
  800000000  4.45890E-10  2.18184E-02  1.92397E+00
  900000000  4.42713E-10  2.02642E-02  1.98250E+00
 1000000000  4.41292E-10  1.89891E-02  2.03176E+00
