mcnp       5.mpi 02/27/18 19:21:07    11 10000000000  6792227383529
 dlvn                                                                           
ntal     6
   14   24   34   44   54   64
tally   14    1    0
f        1
     56
d        1
u        0
s        0
m        0
c        0
e        0
t        0
vals
  7.07967E-07 0.0004
tfc   10       1       1       1       1       1       1       1       1
 1000000000  7.07459E-07  1.12052E-03  1.78953E+02
 2000000000  7.07281E-07  7.96163E-04  1.77208E+02
 3000000000  7.07237E-07  6.20701E-04  1.94386E+02
 4000000000  7.07471E-07  5.81111E-04  1.66329E+02
 5000000000  7.07457E-07  5.03993E-04  1.76908E+02
 6000000000  7.07654E-07  4.67387E-04  1.71422E+02
 7000000000  7.07791E-07  4.27646E-04  1.75510E+02
 8000000000  7.07839E-07  4.04767E-04  1.71434E+02
 9000000000  7.07831E-07  3.76865E-04  1.75786E+02
10000000000  7.07967E-07  3.72302E-04  1.62112E+02
tally   24    1    0
f        1
     55
d        1
u        0
s        0
m        0
c        0
e        0
t        0
vals
  2.47455E-06 0.0002
tfc   10       1       1       1       1       1       1       1       1
 1000000000  2.47254E-06  4.79441E-04  9.77474E+02
 2000000000  2.47414E-06  3.43403E-04  9.52533E+02
 3000000000  2.47407E-06  2.79050E-04  9.61755E+02
 4000000000  2.47390E-06  2.40397E-04  9.71919E+02
 5000000000  2.47405E-06  2.16064E-04  9.62567E+02
 6000000000  2.47416E-06  1.96995E-04  9.64962E+02
 7000000000  2.47433E-06  1.82539E-04  9.63302E+02
 8000000000  2.47423E-06  1.70694E-04  9.63982E+02
 9000000000  2.47459E-06  1.62525E-04  9.45190E+02
10000000000  2.47455E-06  1.53920E-04  9.48450E+02
tally   34    1    0
f        1
     54
d        1
u        0
s        0
m        0
c        0
e        0
t        0
vals
  4.39946E-07 0.0002
tfc   10       1       1       1       1       1       1       1       1
 1000000000  4.40255E-07  9.01400E-04  2.76528E+02
 2000000000  4.40282E-07  5.96836E-04  3.15339E+02
 3000000000  4.40284E-07  4.73892E-04  3.33481E+02
 4000000000  4.40087E-07  4.01321E-04  3.48740E+02
 5000000000  4.40008E-07  3.54252E-04  3.58075E+02
 6000000000  4.39952E-07  3.21742E-04  3.61747E+02
 7000000000  4.39961E-07  2.96020E-04  3.66295E+02
 8000000000  4.39950E-07  2.75015E-04  3.71360E+02
 9000000000  4.39990E-07  2.58600E-04  3.73335E+02
10000000000  4.39946E-07  2.44300E-04  3.76492E+02
tally   44    1    0
f        1
     53
d        1
u        0
s        0
m        0
c        0
e        0
t        0
vals
  1.44174E-05 0.0005
tfc   10       1       1       1       1       1       1       1       1
 1000000000  1.44056E-05  1.23507E-03  1.47296E+02
 2000000000  1.44377E-05  2.36038E-03  2.01616E+01
 3000000000  1.44318E-05  1.58736E-03  2.97219E+01
 4000000000  1.44255E-05  1.20065E-03  3.89632E+01
 5000000000  1.44226E-05  9.81562E-04  4.66404E+01
 6000000000  1.44209E-05  8.25276E-04  5.49823E+01
 7000000000  1.44191E-05  7.15313E-04  6.27306E+01
 8000000000  1.44164E-05  6.29352E-04  7.09121E+01
 9000000000  1.44183E-05  5.72949E-04  7.60547E+01
10000000000  1.44174E-05  5.20235E-04  8.30243E+01
tally   54    1    0
f        1
     52
d        1
u        0
s        0
m        0
c        0
e        0
t        0
vals
  2.52233E-07 0.0002
tfc   10       1       1       1       1       1       1       1       1
 1000000000  2.52160E-07  5.53503E-04  7.33389E+02
 2000000000  2.52257E-07  3.87760E-04  7.47072E+02
 3000000000  2.52200E-07  3.13753E-04  7.60770E+02
 4000000000  2.52220E-07  2.74079E-04  7.47712E+02
 5000000000  2.52172E-07  2.44528E-04  7.51517E+02
 6000000000  2.52181E-07  2.22645E-04  7.55434E+02
 7000000000  2.52190E-07  2.06504E-04  7.52691E+02
 8000000000  2.52225E-07  1.94945E-04  7.39064E+02
 9000000000  2.52247E-07  1.83882E-04  7.38377E+02
10000000000  2.52233E-07  1.74128E-04  7.41085E+02
tally   64    1    0
f        1
     51
d        1
u        0
s        0
m        0
c        0
e        0
t        0
vals
  1.33398E-07 0.0002
tfc   10       1       1       1       1       1       1       1       1
 1000000000  1.33520E-07  6.79348E-04  4.86845E+02
 2000000000  1.33470E-07  4.72303E-04  5.03555E+02
 3000000000  1.33419E-07  3.87092E-04  4.99806E+02
 4000000000  1.33400E-07  3.35426E-04  4.99222E+02
 5000000000  1.33390E-07  2.98730E-04  5.03546E+02
 6000000000  1.33402E-07  2.72842E-04  5.03036E+02
 7000000000  1.33415E-07  2.53384E-04  4.99934E+02
 8000000000  1.33399E-07  2.36603E-04  5.01728E+02
 9000000000  1.33392E-07  2.23212E-04  5.01099E+02
10000000000  1.33398E-07  2.13790E-04  4.91620E+02
