mcnp       5.mpi 02/26/18 02:51:36    11 10000000000 27023611155586
 dlvn                                                                           
ntal     6
   14   24   34   44   54   64
tally   14    1    0
f        1
     56
d        1
u        0
s        0
m        0
c        0
e        0
t        0
vals
  7.06482E-07 0.0005
tfc   10       1       1       1       1       1       1       1       1
 1000000000  7.06538E-07  9.65226E-04  8.72107E+01
 2000000000  7.07748E-07  1.49524E-03  1.81544E+01
 3000000000  7.07577E-07  1.26419E-03  1.69322E+01
 4000000000  7.07124E-07  1.01254E-03  1.98044E+01
 5000000000  7.06974E-07  8.31769E-04  2.34804E+01
 6000000000  7.06835E-07  7.20367E-04  2.60906E+01
 7000000000  7.06836E-07  6.40438E-04  2.82923E+01
 8000000000  7.06668E-07  5.77030E-04  3.04992E+01
 9000000000  7.06513E-07  5.22492E-04  3.30709E+01
10000000000  7.06482E-07  4.88138E-04  3.41007E+01
tally   24    1    0
f        1
     55
d        1
u        0
s        0
m        0
c        0
e        0
t        0
vals
  2.47483E-06 0.0002
tfc   10       1       1       1       1       1       1       1       1
 1000000000  2.47610E-06  6.44274E-04  1.95743E+02
 2000000000  2.47627E-06  4.67796E-04  1.85478E+02
 3000000000  2.47567E-06  4.05960E-04  1.64200E+02
 4000000000  2.47514E-06  3.45635E-04  1.69963E+02
 5000000000  2.47550E-06  3.18026E-04  1.60615E+02
 6000000000  2.47558E-06  2.87356E-04  1.63965E+02
 7000000000  2.47527E-06  2.65707E-04  1.64367E+02
 8000000000  2.47513E-06  2.57926E-04  1.52650E+02
 9000000000  2.47475E-06  2.41646E-04  1.54614E+02
10000000000  2.47483E-06  2.27988E-04  1.56324E+02
tally   34    1    0
f        1
     54
d        1
u        0
s        0
m        0
c        0
e        0
t        0
vals
  4.39731E-07 0.0003
tfc   10       1       1       1       1       1       1       1       1
 1000000000  4.39918E-07  8.51756E-04  1.11995E+02
 2000000000  4.39806E-07  6.06789E-04  1.10237E+02
 3000000000  4.39845E-07  4.89516E-04  1.12929E+02
 4000000000  4.39725E-07  4.28405E-04  1.10631E+02
 5000000000  4.39706E-07  3.78284E-04  1.13521E+02
 6000000000  4.39751E-07  3.45515E-04  1.13412E+02
 7000000000  4.39758E-07  3.19581E-04  1.13621E+02
 8000000000  4.39710E-07  2.96201E-04  1.15748E+02
 9000000000  4.39685E-07  2.79959E-04  1.15190E+02
10000000000  4.39731E-07  2.65324E-04  1.15424E+02
tally   44    1    0
f        1
     53
d        1
u        0
s        0
m        0
c        0
e        0
t        0
vals
  1.44754E-05 0.0068
tfc   10       1       1       1       1       1       1       1       1
 1000000000  1.43192E-05  7.89994E-03  1.30191E+00
 2000000000  1.48141E-05  2.32355E-02  7.51797E-02
 3000000000  1.46175E-05  1.57233E-02  1.09460E-01
 4000000000  1.45157E-05  1.18891E-02  1.43644E-01
 5000000000  1.45708E-05  1.03083E-02  1.52874E-01
 6000000000  1.45068E-05  8.63285E-03  1.81670E-01
 7000000000  1.44885E-05  7.51413E-03  2.05525E-01
 8000000000  1.45287E-05  8.43502E-03  1.42729E-01
 9000000000  1.44953E-05  7.52253E-03  1.59543E-01
10000000000  1.44754E-05  6.78884E-03  1.76302E-01
tally   54    1    0
f        1
     52
d        1
u        0
s        0
m        0
c        0
e        0
t        0
vals
  2.52181E-07 0.0003
tfc   10       1       1       1       1       1       1       1       1
 1000000000  2.52218E-07  1.03000E-03  7.65864E+01
 2000000000  2.52484E-07  8.23013E-04  5.99226E+01
 3000000000  2.52303E-07  6.58892E-04  6.23321E+01
 4000000000  2.52278E-07  5.74436E-04  6.15326E+01
 5000000000  2.52312E-07  5.03182E-04  6.41595E+01
 6000000000  2.52259E-07  4.51614E-04  6.63831E+01
 7000000000  2.52231E-07  4.14142E-04  6.76585E+01
 8000000000  2.52167E-07  3.81830E-04  6.96540E+01
 9000000000  2.52126E-07  3.57148E-04  7.07799E+01
10000000000  2.52181E-07  3.36886E-04  7.15951E+01
tally   64    1    0
f        1
     51
d        1
u        0
s        0
m        0
c        0
e        0
t        0
vals
  1.33120E-07 0.0017
tfc   10       1       1       1       1       1       1       1       1
 1000000000  1.33113E-07  5.19598E-03  3.00949E+00
 2000000000  1.33373E-07  4.14303E-03  2.36466E+00
 3000000000  1.33404E-07  3.37813E-03  2.37131E+00
 4000000000  1.33260E-07  2.96615E-03  2.30781E+00
 5000000000  1.33274E-07  2.57354E-03  2.45272E+00
 6000000000  1.33287E-07  2.33236E-03  2.48887E+00
 7000000000  1.33282E-07  2.15634E-03  2.49567E+00
 8000000000  1.33228E-07  1.97627E-03  2.60012E+00
 9000000000  1.33107E-07  1.84246E-03  2.65957E+00
10000000000  1.33120E-07  1.73460E-03  2.70055E+00
