mcnp       5.mpi 03/05/18 09:47:29     2  1000000000   222193905830
                                                                                
ntal     4
   14   24   34   44
tally   14    2    0
f        1
      1
d        1
u        0
s        0
m        0
c        0
e        0
t        0
vals
  5.33275E-10 0.0056
tfc   10       1       1       1       1       1       1       1       1
  100000000  5.29187E-10  1.78605E-02  2.84631E+01
  200000000  5.28998E-10  1.23211E-02  2.99298E+01
  300000000  5.31396E-10  1.03536E-02  2.82555E+01
  400000000  5.30754E-10  8.84221E-03  2.90587E+01
  500000000  5.29155E-10  7.88581E-03  2.92334E+01
  600000000  5.32017E-10  7.28847E-03  2.85181E+01
  700000000  5.32442E-10  6.71921E-03  2.87645E+01
  800000000  5.31868E-10  6.25350E-03  2.90592E+01
  900000000  5.33831E-10  5.92978E-03  2.87258E+01
 1000000000  5.33275E-10  5.60286E-03  2.89588E+01
tally   24    2    0
f        1
      2
d        1
u        0
s        0
m        0
c        0
e        0
t        0
vals
  4.42794E-10 0.0318
tfc   10       1       1       1       1       1       1       1       1
  100000000  4.24650E-10  3.33728E-02  8.15233E+00
  200000000  4.19301E-10  2.39475E-02  7.92289E+00
  300000000  4.22598E-10  2.05018E-02  7.20623E+00
  400000000  4.31455E-10  2.75136E-02  3.00127E+00
  500000000  4.29271E-10  2.33302E-02  3.33989E+00
  600000000  4.46084E-10  4.53406E-02  7.36917E-01
  700000000  4.41659E-10  4.10143E-02  7.72008E-01
  800000000  4.47187E-10  3.88316E-02  7.53633E-01
  900000000  4.45419E-10  3.49159E-02  8.28519E-01
 1000000000  4.42794E-10  3.17786E-02  9.00183E-01
tally   34    2    0
f        1
      3
d        1
u        0
s        0
m        0
c        0
e        0
t        0
vals
  3.36370E-10 0.0435
tfc   10       1       1       1       1       1       1       1       1
  100000000  4.64376E-10  2.79494E-01  1.16231E-01
  200000000  4.11324E-10  1.61097E-01  1.75077E-01
  300000000  3.77591E-10  1.17705E-01  2.18626E-01
  400000000  3.63716E-10  9.33871E-02  2.60510E-01
  500000000  3.53858E-10  7.74079E-02  3.03390E-01
  600000000  3.46146E-10  6.64897E-02  3.42677E-01
  700000000  3.39851E-10  5.84390E-02  3.80266E-01
  800000000  3.35878E-10  5.22289E-02  4.16589E-01
  900000000  3.35810E-10  4.68941E-02  4.59316E-01
 1000000000  3.36370E-10  4.34752E-02  4.80969E-01
tally   44    2    0
f        1
      4
d        1
u        0
s        0
m        0
c        0
e        0
t        0
vals
  4.30817E-10 0.0254
tfc   10       1       1       1       1       1       1       1       1
  100000000  4.31703E-10  7.55227E-02  1.59189E+00
  200000000  4.49788E-10  5.94867E-02  1.28399E+00
  300000000  4.44300E-10  4.67270E-02  1.38725E+00
  400000000  4.52466E-10  3.89312E-02  1.49900E+00
  500000000  4.48014E-10  3.54517E-02  1.44643E+00
  600000000  4.37710E-10  3.20080E-02  1.47869E+00
  700000000  4.34757E-10  2.98676E-02  1.45577E+00
  800000000  4.35049E-10  2.92457E-02  1.32864E+00
  900000000  4.30348E-10  2.71659E-02  1.36868E+00
 1000000000  4.30817E-10  2.53627E-02  1.41322E+00
