mcnp       5.mpi 03/02/18 14:19:20     3  1000000000   458472831407
                                                                                
ntal     4
   14   24   34   44
tally   14    2    0
f        1
      1
d        1
u        0
s        0
m        0
c        0
e        0
t        0
vals
  5.32223E-10 0.0037
tfc   10       1       1       1       1       1       1       1       1
  100000000  5.43028E-10  1.19219E-02  2.85757E+01
  200000000  5.34640E-10  8.15845E-03  3.05294E+01
  300000000  5.34696E-10  6.64848E-03  3.06548E+01
  400000000  5.35511E-10  5.73182E-03  3.09327E+01
  500000000  5.32646E-10  5.06338E-03  3.17171E+01
  600000000  5.31795E-10  4.60581E-03  3.19566E+01
  700000000  5.33004E-10  4.25617E-03  3.20848E+01
  800000000  5.33797E-10  3.98866E-03  3.19731E+01
  900000000  5.32634E-10  3.88049E-03  3.00335E+01
 1000000000  5.32223E-10  3.66863E-03  3.02458E+01
tally   24    2    0
f        1
      2
d        1
u        0
s        0
m        0
c        0
e        0
t        0
vals
  4.34793E-10 0.0033
tfc   10       1       1       1       1       1       1       1       1
  100000000  4.31429E-10  9.84712E-03  4.18859E+01
  200000000  4.32979E-10  7.10429E-03  4.02616E+01
  300000000  4.32095E-10  5.75509E-03  4.09109E+01
  400000000  4.33586E-10  5.01009E-03  4.04867E+01
  500000000  4.34158E-10  4.51615E-03  3.98693E+01
  600000000  4.35175E-10  4.12964E-03  3.97510E+01
  700000000  4.34822E-10  3.83147E-03  3.95919E+01
  800000000  4.35417E-10  3.64639E-03  3.82570E+01
  900000000  4.35581E-10  3.43822E-03  3.82571E+01
 1000000000  4.34793E-10  3.26702E-03  3.81391E+01
tally   34    2    0
f        1
      3
d        1
u        0
s        0
m        0
c        0
e        0
t        0
vals
  3.43041E-10 0.0035
tfc   10       1       1       1       1       1       1       1       1
  100000000  3.43738E-10  1.09451E-02  3.39036E+01
  200000000  3.44045E-10  7.72307E-03  3.40685E+01
  300000000  3.42252E-10  6.24547E-03  3.47386E+01
  400000000  3.42609E-10  5.43992E-03  3.43414E+01
  500000000  3.41493E-10  4.84321E-03  3.46664E+01
  600000000  3.42054E-10  4.45060E-03  3.42244E+01
  700000000  3.41865E-10  4.13808E-03  3.39422E+01
  800000000  3.43243E-10  3.86903E-03  3.39808E+01
  900000000  3.42925E-10  3.65158E-03  3.39169E+01
 1000000000  3.43041E-10  3.45964E-03  3.40104E+01
tally   44    2    0
f        1
      4
d        1
u        0
s        0
m        0
c        0
e        0
t        0
vals
  4.41661E-10 0.0037
tfc   10       1       1       1       1       1       1       1       1
  100000000  4.36644E-10  1.16497E-02  2.99267E+01
  200000000  4.39087E-10  8.36046E-03  2.90719E+01
  300000000  4.37167E-10  6.78232E-03  2.94568E+01
  400000000  4.39250E-10  5.89406E-03  2.92532E+01
  500000000  4.41179E-10  5.29088E-03  2.90482E+01
  600000000  4.41900E-10  4.82198E-03  2.91556E+01
  700000000  4.42517E-10  4.48503E-03  2.88938E+01
  800000000  4.41828E-10  4.18488E-03  2.90451E+01
  900000000  4.42251E-10  3.95042E-03  2.89797E+01
 1000000000  4.41661E-10  3.74558E-03  2.90158E+01
