mcnp       5.mpi 02/25/18 17:32:29     3  1000000000   378096742078
 steel-plate                                                                    
ntal     1
    4
tally    4    1    0
f        1
     42
d        1
u        0
s        0
m        0
c        0
e        0
t        0
vals
  1.78728E-12 0.0424
tfc   10       1       1       1       1       1       1       1       1
  100000000  1.60404E-12  2.11239E-02  1.55627E+01
  200000000  1.61887E-12  1.49069E-02  1.55414E+01
  300000000  1.69117E-12  2.55826E-02  3.44468E+00
  400000000  1.67064E-12  1.99108E-02  4.28766E+00
  500000000  1.69815E-12  1.94615E-02  3.58193E+00
  600000000  1.70000E-12  1.70046E-02  3.90770E+00
  700000000  1.68766E-12  1.49109E-02  4.37803E+00
  800000000  1.68733E-12  1.41609E-02  4.25094E+00
  900000000  1.71802E-12  1.94248E-02  1.98682E+00
 1000000000  1.78728E-12  4.23611E-02  3.75320E-01
