mcnp       5.mpi 02/25/18 11:21:55     6  1000000000  2635083993239
 steel-plate                                                                    
ntal     1
    4
tally    4    1    0
f        1
     42
d        1
u        0
s        0
m        0
c        0
e        0
t        0
vals
  2.11207E-12 0.1783
tfc   10       1       1       1       1       1       1       1       1
  100000000  1.87905E-12  8.97252E-02  1.24222E-01
  200000000  3.68895E-12  5.08495E-01  1.96772E-03
  300000000  3.00970E-12  4.15562E-01  2.00294E-03
  400000000  2.74210E-12  3.42764E-01  2.15193E-03
  500000000  2.54168E-12  2.95964E-01  2.33346E-03
  600000000  2.39304E-12  2.61966E-01  2.49110E-03
  700000000  2.30016E-12  2.33698E-01  2.67708E-03
  800000000  2.21647E-12  2.12214E-01  2.85746E-03
  900000000  2.16163E-12  1.93532E-01  3.06390E-03
 1000000000  2.11207E-12  1.78287E-01  3.25324E-03
