mcnp       5.mpi 03/02/18 10:11:49     3  1000000000  1072624251602
 steel-plate                                                                    
ntal     1
    4
tally    4    1    0
f        1
     42
d        1
u        0
s        0
m        0
c        0
e        0
t        0
vals
  2.25877E-10 0.2810
tfc   10       1       1       1       1       1       1       1       1
  100000000  1.63491E-10  1.00000E+00  3.47927E-03
  200000000  2.06455E-10  7.22256E-01  3.33546E-03
  300000000  2.58719E-10  5.24796E-01  4.21149E-03
  400000000  2.92954E-10  4.25532E-01  4.80398E-03
  500000000  2.34363E-10  4.25532E-01  3.84356E-03
  600000000  2.26755E-10  3.91877E-01  3.77711E-03
  700000000  2.03612E-10  3.76822E-01  3.50162E-03
  800000000  1.97177E-10  3.48889E-01  3.57447E-03
  900000000  2.02563E-10  3.25730E-01  3.64528E-03
 1000000000  2.25877E-10  2.81038E-01  4.40725E-03
