mcnp       5.mpi 03/02/18 14:11:54     3  1000000000   213364131367
                                                                                
ntal     4
   14   24   34   44
tally   14    2    0
f        1
      1
d        1
u        0
s        0
m        0
c        0
e        0
t        0
vals
  5.30929E-10 0.0029
tfc   10       1       1       1       1       1       1       1       1
  100000000  5.31225E-10  9.25587E-03  8.37391E+01
  200000000  5.29159E-10  6.45057E-03  8.62535E+01
  300000000  5.30470E-10  5.39573E-03  8.22047E+01
  400000000  5.30925E-10  4.63651E-03  8.35110E+01
  500000000  5.30272E-10  4.11067E-03  8.49973E+01
  600000000  5.28528E-10  3.75848E-03  8.47324E+01
  700000000  5.30036E-10  3.48547E-03  8.44523E+01
  800000000  5.30514E-10  3.26798E-03  8.40616E+01
  900000000  5.31066E-10  3.07930E-03  8.41558E+01
 1000000000  5.30929E-10  2.92587E-03  8.38938E+01
tally   24    2    0
f        1
      2
d        1
u        0
s        0
m        0
c        0
e        0
t        0
vals
  4.33527E-10 0.0024
tfc   10       1       1       1       1       1       1       1       1
  100000000  4.29379E-10  7.84129E-03  1.16678E+02
  200000000  4.30145E-10  5.40550E-03  1.22830E+02
  300000000  4.30444E-10  4.38230E-03  1.24621E+02
  400000000  4.31350E-10  3.79723E-03  1.24507E+02
  500000000  4.32448E-10  3.39552E-03  1.24571E+02
  600000000  4.32989E-10  3.09758E-03  1.24747E+02
  700000000  4.33458E-10  2.85933E-03  1.25489E+02
  800000000  4.33347E-10  2.68765E-03  1.24283E+02
  900000000  4.33718E-10  2.52720E-03  1.24942E+02
 1000000000  4.33527E-10  2.39301E-03  1.25415E+02
tally   34    2    0
f        1
      3
d        1
u        0
s        0
m        0
c        0
e        0
t        0
vals
  3.40661E-10 0.0023
tfc   10       1       1       1       1       1       1       1       1
  100000000  3.32831E-10  7.18839E-03  1.38835E+02
  200000000  3.37196E-10  5.12775E-03  1.36496E+02
  300000000  3.38262E-10  4.18633E-03  1.36562E+02
  400000000  3.39293E-10  3.61849E-03  1.37111E+02
  500000000  3.39850E-10  3.23145E-03  1.37542E+02
  600000000  3.39793E-10  2.95062E-03  1.37483E+02
  700000000  3.39883E-10  2.73171E-03  1.37489E+02
  800000000  3.40149E-10  2.55764E-03  1.37239E+02
  900000000  3.40241E-10  2.41361E-03  1.36980E+02
 1000000000  3.40661E-10  2.28620E-03  1.37408E+02
tally   44    2    0
f        1
      4
d        1
u        0
s        0
m        0
c        0
e        0
t        0
vals
  4.43609E-10 0.0031
tfc   10       1       1       1       1       1       1       1       1
  100000000  4.41804E-10  9.40226E-03  8.11518E+01
  200000000  4.42852E-10  6.75066E-03  7.87555E+01
  300000000  4.42241E-10  5.50305E-03  7.90298E+01
  400000000  4.42988E-10  4.77655E-03  7.86861E+01
  500000000  4.43794E-10  4.31105E-03  7.72795E+01
  600000000  4.45300E-10  3.94888E-03  7.67585E+01
  700000000  4.44695E-10  3.65089E-03  7.69730E+01
  800000000  4.44191E-10  3.41208E-03  7.71115E+01
  900000000  4.44387E-10  3.22628E-03  7.66626E+01
 1000000000  4.43609E-10  3.05151E-03  7.71277E+01
