mcnp       5.mpi 03/02/18 13:02:48     3  1000000000   215472563511
                                                                                
ntal     4
   14   24   34   44
tally   14    2    0
f        1
      1
d        1
u        0
s        0
m        0
c        0
e        0
t        0
vals
  5.30749E-10 0.0024
tfc   10       1       1       1       1       1       1       1       1
  100000000  5.31501E-10  7.58390E-03  1.21836E+02
  200000000  5.28979E-10  5.35529E-03  1.22226E+02
  300000000  5.27935E-10  4.37691E-03  1.22008E+02
  400000000  5.29922E-10  3.79988E-03  1.21419E+02
  500000000  5.29590E-10  3.40119E-03  1.21247E+02
  600000000  5.29644E-10  3.10208E-03  1.21470E+02
  700000000  5.30221E-10  2.88721E-03  1.20195E+02
  800000000  5.30422E-10  2.70267E-03  1.20024E+02
  900000000  5.30574E-10  2.55167E-03  1.19689E+02
 1000000000  5.30749E-10  2.41474E-03  1.20286E+02
tally   24    2    0
f        1
      2
d        1
u        0
s        0
m        0
c        0
e        0
t        0
vals
  4.33381E-10 0.0022
tfc   10       1       1       1       1       1       1       1       1
  100000000  4.28938E-10  6.85914E-03  1.48943E+02
  200000000  4.31686E-10  4.82350E-03  1.50662E+02
  300000000  4.32223E-10  3.93154E-03  1.51216E+02
  400000000  4.32752E-10  3.39861E-03  1.51782E+02
  500000000  4.32575E-10  3.04074E-03  1.51696E+02
  600000000  4.32915E-10  2.77698E-03  1.51575E+02
  700000000  4.33187E-10  2.57251E-03  1.51401E+02
  800000000  4.33190E-10  2.40286E-03  1.51843E+02
  900000000  4.33445E-10  2.27114E-03  1.51083E+02
 1000000000  4.33381E-10  2.15158E-03  1.51510E+02
tally   34    2    0
f        1
      3
d        1
u        0
s        0
m        0
c        0
e        0
t        0
vals
  3.40550E-10 0.0022
tfc   10       1       1       1       1       1       1       1       1
  100000000  3.35555E-10  6.95028E-03  1.45062E+02
  200000000  3.37035E-10  4.92194E-03  1.44695E+02
  300000000  3.38578E-10  4.02447E-03  1.44313E+02
  400000000  3.39049E-10  3.48129E-03  1.44659E+02
  500000000  3.38749E-10  3.10709E-03  1.45286E+02
  600000000  3.39428E-10  2.85500E-03  1.43405E+02
  700000000  3.39171E-10  2.64155E-03  1.43591E+02
  800000000  3.40339E-10  2.47672E-03  1.42922E+02
  900000000  3.40204E-10  2.33507E-03  1.42923E+02
 1000000000  3.40550E-10  2.21298E-03  1.43219E+02
tally   44    2    0
f        1
      4
d        1
u        0
s        0
m        0
c        0
e        0
t        0
vals
  4.40766E-10 0.0029
tfc   10       1       1       1       1       1       1       1       1
  100000000  4.43063E-10  9.23393E-03  8.21839E+01
  200000000  4.44402E-10  6.58585E-03  8.08173E+01
  300000000  4.41398E-10  5.36278E-03  8.12725E+01
  400000000  4.40350E-10  4.63749E-03  8.15189E+01
  500000000  4.41212E-10  4.16477E-03  8.08632E+01
  600000000  4.41398E-10  3.82673E-03  7.98214E+01
  700000000  4.40969E-10  3.53877E-03  8.00090E+01
  800000000  4.41523E-10  3.30809E-03  8.01121E+01
  900000000  4.41476E-10  3.10979E-03  8.05822E+01
 1000000000  4.40766E-10  2.94270E-03  8.09957E+01
