mcnp       5.mpi 03/02/18 10:05:39     3  1000000000   218429507439
                                                                                
ntal     4
   14   24   34   44
tally   14    2    0
f        1
      1
d        1
u        0
s        0
m        0
c        0
e        0
t        0
vals
  5.32754E-10 0.0024
tfc   10       1       1       1       1       1       1       1       1
  100000000  5.28502E-10  7.80191E-03  1.15118E+02
  200000000  5.31448E-10  5.43618E-03  1.18627E+02
  300000000  5.31339E-10  4.41223E-03  1.20075E+02
  400000000  5.32016E-10  3.81887E-03  1.20232E+02
  500000000  5.31431E-10  3.40281E-03  1.21150E+02
  600000000  5.31689E-10  3.09495E-03  1.22052E+02
  700000000  5.31876E-10  2.86652E-03  1.21961E+02
  800000000  5.32250E-10  2.68817E-03  1.21350E+02
  900000000  5.32708E-10  2.53806E-03  1.21004E+02
 1000000000  5.32754E-10  2.40734E-03  1.21042E+02
tally   24    2    0
f        1
      2
d        1
u        0
s        0
m        0
c        0
e        0
t        0
vals
  4.34251E-10 0.0021
tfc   10       1       1       1       1       1       1       1       1
  100000000  4.34202E-10  6.86874E-03  1.48523E+02
  200000000  4.33250E-10  4.82321E-03  1.50696E+02
  300000000  4.33350E-10  3.91937E-03  1.52172E+02
  400000000  4.33234E-10  3.39839E-03  1.51824E+02
  500000000  4.33706E-10  3.03740E-03  1.52053E+02
  600000000  4.33802E-10  2.77231E-03  1.52113E+02
  700000000  4.34390E-10  2.56376E-03  1.52468E+02
  800000000  4.34451E-10  2.40201E-03  1.51985E+02
  900000000  4.34239E-10  2.26681E-03  1.51696E+02
 1000000000  4.34251E-10  2.14995E-03  1.51758E+02
tally   34    2    0
f        1
      3
d        1
u        0
s        0
m        0
c        0
e        0
t        0
vals
  3.40037E-10 0.0022
tfc   10       1       1       1       1       1       1       1       1
  100000000  3.40621E-10  7.02859E-03  1.41844E+02
  200000000  3.40941E-10  4.95048E-03  1.43047E+02
  300000000  3.39818E-10  4.04222E-03  1.43064E+02
  400000000  3.40271E-10  3.51065E-03  1.42270E+02
  500000000  3.39118E-10  3.12717E-03  1.43448E+02
  600000000  3.39689E-10  2.86741E-03  1.42190E+02
  700000000  3.39518E-10  2.64950E-03  1.42759E+02
  800000000  3.39935E-10  2.47753E-03  1.42862E+02
  900000000  3.39931E-10  2.33512E-03  1.42951E+02
 1000000000  3.40037E-10  2.21945E-03  1.42403E+02
tally   44    2    0
f        1
      4
d        1
u        0
s        0
m        0
c        0
e        0
t        0
vals
  4.42323E-10 0.0030
tfc   10       1       1       1       1       1       1       1       1
  100000000  4.41256E-10  9.17676E-03  8.32085E+01
  200000000  4.44476E-10  6.62244E-03  7.99349E+01
  300000000  4.43171E-10  5.41580E-03  7.96974E+01
  400000000  4.42174E-10  4.66731E-03  8.04924E+01
  500000000  4.43493E-10  4.19444E-03  7.97351E+01
  600000000  4.42435E-10  3.83514E-03  7.94854E+01
  700000000  4.42440E-10  3.55128E-03  7.94624E+01
  800000000  4.42869E-10  3.32464E-03  7.93346E+01
  900000000  4.42618E-10  3.13338E-03  7.93923E+01
 1000000000  4.42323E-10  2.96616E-03  7.97293E+01
