mcnp       5.mpi 03/05/18 09:47:56     3  1000000000   390501674342
                                                                                
ntal     4
   14   24   34   44
tally   14    2    0
f        1
      1
d        1
u        0
s        0
m        0
c        0
e        0
t        0
vals
  5.34711E-10 0.0039
tfc   10       1       1       1       1       1       1       1       1
  100000000  5.26564E-10  1.17105E-02  3.90423E+01
  200000000  5.33550E-10  8.47565E-03  3.73004E+01
  300000000  5.36561E-10  7.10291E-03  3.54211E+01
  400000000  5.35217E-10  6.17120E-03  3.51985E+01
  500000000  5.34050E-10  5.49310E-03  3.55447E+01
  600000000  5.33455E-10  4.99766E-03  3.57895E+01
  700000000  5.32709E-10  4.60464E-03  3.61412E+01
  800000000  5.32487E-10  4.31943E-03  3.59398E+01
  900000000  5.34336E-10  4.08739E-03  3.56768E+01
 1000000000  5.34711E-10  3.87864E-03  3.56596E+01
tally   24    2    0
f        1
      2
d        1
u        0
s        0
m        0
c        0
e        0
t        0
vals
  4.41342E-10 0.0138
tfc   10       1       1       1       1       1       1       1       1
  100000000  4.30171E-10  3.04023E-02  5.79256E+00
  200000000  4.48922E-10  2.15408E-02  5.77477E+00
  300000000  4.45731E-10  1.91872E-02  4.85414E+00
  400000000  4.38800E-10  1.59119E-02  5.29442E+00
  500000000  4.44516E-10  1.77585E-02  3.40091E+00
  600000000  4.44317E-10  1.60721E-02  3.46053E+00
  700000000  4.43177E-10  1.45652E-02  3.61213E+00
  800000000  4.39185E-10  1.31795E-02  3.86040E+00
  900000000  4.42223E-10  1.49608E-02  2.66298E+00
 1000000000  4.41342E-10  1.38214E-02  2.80823E+00
tally   34    2    0
f        1
      3
d        1
u        0
s        0
m        0
c        0
e        0
t        0
vals
  3.39856E-10 0.0195
tfc   10       1       1       1       1       1       1       1       1
  100000000  3.40261E-10  5.25287E-02  1.94039E+00
  200000000  3.49099E-10  4.85493E-02  1.13683E+00
  300000000  3.43893E-10  3.56750E-02  1.40413E+00
  400000000  3.40134E-10  2.86796E-02  1.62974E+00
  500000000  3.40045E-10  2.68960E-02  1.48263E+00
  600000000  3.39560E-10  2.51830E-02  1.40953E+00
  700000000  3.37455E-10  2.24778E-02  1.51665E+00
  800000000  3.36929E-10  2.02867E-02  1.62932E+00
  900000000  3.36927E-10  1.89342E-02  1.66259E+00
 1000000000  3.39856E-10  1.95100E-02  1.40935E+00
tally   44    2    0
f        1
      4
d        1
u        0
s        0
m        0
c        0
e        0
t        0
vals
  4.35160E-10 0.0311
tfc   10       1       1       1       1       1       1       1       1
  100000000  5.06123E-10  1.55742E-01  2.20735E-01
  200000000  4.74655E-10  8.76511E-02  3.48775E-01
  300000000  4.44123E-10  6.41729E-02  4.33940E-01
  400000000  4.52887E-10  6.56386E-02  3.11133E-01
  500000000  4.42993E-10  5.44977E-02  3.61121E-01
  600000000  4.35754E-10  4.69756E-02  4.05083E-01
  700000000  4.34025E-10  4.10703E-02  4.54295E-01
  800000000  4.41364E-10  3.72909E-02  4.82196E-01
  900000000  4.37849E-10  3.38566E-02  5.19987E-01
 1000000000  4.35160E-10  3.11294E-02  5.53596E-01
