mcnp       5.mpi 02/25/18 02:30:42     5  1000000000  1353970115119
 steel-plate                                                                    
ntal     1
    4
tally    4    1    0
f        1
     42
d        1
u        0
s        0
m        0
c        0
e        0
t        0
vals
  1.67614E-12 0.0127
tfc   10       1       1       1       1       1       1       1       1
  100000000  1.79071E-12  6.94253E-02  3.76323E-01
  200000000  1.74328E-12  4.17674E-02  5.36991E-01
  300000000  1.73680E-12  3.37401E-02  5.57300E-01
  400000000  1.72626E-12  2.70739E-02  6.52604E-01
  500000000  1.70603E-12  2.20837E-02  7.87673E-01
  600000000  1.69636E-12  1.91359E-02  8.78711E-01
  700000000  1.69081E-12  1.70020E-02  9.55613E-01
  800000000  1.68623E-12  1.50989E-02  1.06130E+00
  900000000  1.67403E-12  1.35593E-02  1.17410E+00
 1000000000  1.67614E-12  1.26718E-02  1.20810E+00
