mcnp       5.mpi 02/27/18 12:46:47    11 10000000000  6795161858321
 dlvn                                                                           
ntal     6
   14   24   34   44   54   64
tally   14    1    0
f        1
     56
d        1
u        0
s        0
m        0
c        0
e        0
t        0
vals
  7.08240E-07 0.0004
tfc   10       1       1       1       1       1       1       1       1
 1000000000  7.06979E-07  1.02484E-03  2.13968E+02
 2000000000  7.07936E-07  7.50036E-04  1.99580E+02
 3000000000  7.07817E-07  6.17931E-04  1.96033E+02
 4000000000  7.07858E-07  5.28176E-04  2.01257E+02
 5000000000  7.08082E-07  5.18279E-04  1.67211E+02
 6000000000  7.08021E-07  4.64590E-04  1.73393E+02
 7000000000  7.08093E-07  4.40909E-04  1.65010E+02
 8000000000  7.08007E-07  4.07504E-04  1.69026E+02
 9000000000  7.08203E-07  4.32671E-04  1.33270E+02
10000000000  7.08240E-07  4.13713E-04  1.31188E+02
tally   24    1    0
f        1
     55
d        1
u        0
s        0
m        0
c        0
e        0
t        0
vals
  2.47462E-06 0.0002
tfc   10       1       1       1       1       1       1       1       1
 1000000000  2.47280E-06  4.84788E-04  9.56209E+02
 2000000000  2.47532E-06  3.47069E-04  9.32074E+02
 3000000000  2.47485E-06  2.82205E-04  9.39898E+02
 4000000000  2.47444E-06  2.43133E-04  9.49774E+02
 5000000000  2.47451E-06  2.17536E-04  9.49140E+02
 6000000000  2.47465E-06  1.98632E-04  9.48579E+02
 7000000000  2.47468E-06  1.83930E-04  9.48204E+02
 8000000000  2.47469E-06  1.71946E-04  9.49366E+02
 9000000000  2.47480E-06  1.62536E-04  9.44376E+02
10000000000  2.47462E-06  1.54053E-04  9.46134E+02
tally   34    1    0
f        1
     54
d        1
u        0
s        0
m        0
c        0
e        0
t        0
vals
  4.39960E-07 0.0002
tfc   10       1       1       1       1       1       1       1       1
 1000000000  4.39817E-07  7.49438E-04  4.00116E+02
 2000000000  4.40307E-07  5.41146E-04  3.83401E+02
 3000000000  4.40199E-07  4.39625E-04  3.87299E+02
 4000000000  4.40051E-07  3.79281E-04  3.90289E+02
 5000000000  4.39990E-07  3.39365E-04  3.89992E+02
 6000000000  4.39945E-07  3.11031E-04  3.86868E+02
 7000000000  4.39944E-07  2.88978E-04  3.84130E+02
 8000000000  4.39921E-07  2.70284E-04  3.84217E+02
 9000000000  4.39988E-07  2.53968E-04  3.86802E+02
10000000000  4.39960E-07  2.41158E-04  3.86091E+02
tally   44    1    0
f        1
     53
d        1
u        0
s        0
m        0
c        0
e        0
t        0
vals
  1.44154E-05 0.0004
tfc   10       1       1       1       1       1       1       1       1
 1000000000  1.44234E-05  9.02471E-04  2.75925E+02
 2000000000  1.44168E-05  5.34742E-04  3.92638E+02
 3000000000  1.44202E-05  6.53191E-04  1.75441E+02
 4000000000  1.44165E-05  5.08650E-04  2.17005E+02
 5000000000  1.44158E-05  4.73267E-04  2.00530E+02
 6000000000  1.44147E-05  4.07400E-04  2.25490E+02
 7000000000  1.44156E-05  3.64361E-04  2.41626E+02
 8000000000  1.44140E-05  3.27529E-04  2.61648E+02
 9000000000  1.44176E-05  4.09684E-04  1.48644E+02
10000000000  1.44154E-05  3.73492E-04  1.60964E+02
tally   54    1    0
f        1
     52
d        1
u        0
s        0
m        0
c        0
e        0
t        0
vals
  2.52218E-07 0.0002
tfc   10       1       1       1       1       1       1       1       1
 1000000000  2.52010E-07  5.20034E-04  8.30987E+02
 2000000000  2.52218E-07  3.72683E-04  8.08355E+02
 3000000000  2.52218E-07  3.08150E-04  7.88291E+02
 4000000000  2.52221E-07  2.68893E-04  7.76511E+02
 5000000000  2.52196E-07  2.40208E-04  7.78422E+02
 6000000000  2.52186E-07  2.18987E-04  7.80432E+02
 7000000000  2.52184E-07  2.04263E-04  7.68823E+02
 8000000000  2.52193E-07  1.93049E-04  7.53148E+02
 9000000000  2.52229E-07  1.82160E-04  7.51869E+02
10000000000  2.52218E-07  1.72720E-04  7.52671E+02
tally   64    1    0
f        1
     51
d        1
u        0
s        0
m        0
c        0
e        0
t        0
vals
  1.33413E-07 0.0002
tfc   10       1       1       1       1       1       1       1       1
 1000000000  1.33333E-07  6.36075E-04  5.55444E+02
 2000000000  1.33470E-07  4.64635E-04  5.20064E+02
 3000000000  1.33428E-07  3.80794E-04  5.16215E+02
 4000000000  1.33424E-07  3.28637E-04  5.19847E+02
 5000000000  1.33425E-07  2.92519E-04  5.24906E+02
 6000000000  1.33420E-07  2.66858E-04  5.25546E+02
 7000000000  1.33418E-07  2.46975E-04  5.25897E+02
 8000000000  1.33420E-07  2.31346E-04  5.24438E+02
 9000000000  1.33414E-07  2.17972E-04  5.25101E+02
10000000000  1.33413E-07  2.06750E-04  5.25293E+02
