mcnp       5.mpi 02/26/18 11:50:07    11 10000000000  7023887466313
 dlvn                                                                           
ntal     6
   14   24   34   44   54   64
tally   14    1    0
f        1
     56
d        1
u        0
s        0
m        0
c        0
e        0
t        0
vals
  7.08232E-07 0.0002
tfc   10       1       1       1       1       1       1       1       1
 1000000000  7.08199E-07  5.68672E-04  9.01969E+02
 2000000000  7.08234E-07  4.02784E-04  8.98858E+02
 3000000000  7.08189E-07  3.26815E-04  9.10214E+02
 4000000000  7.08211E-07  2.84914E-04  8.98255E+02
 5000000000  7.08200E-07  2.55258E-04  8.95322E+02
 6000000000  7.08376E-07  2.33136E-04  8.94292E+02
 7000000000  7.08378E-07  2.16311E-04  8.90415E+02
 8000000000  7.08372E-07  2.02151E-04  8.91987E+02
 9000000000  7.08297E-07  1.90277E-04  8.94922E+02
10000000000  7.08232E-07  1.80410E-04  8.96021E+02
tally   24    1    0
f        1
     55
d        1
u        0
s        0
m        0
c        0
e        0
t        0
vals
  2.47682E-06 0.0008
tfc   10       1       1       1       1       1       1       1       1
 1000000000  2.48522E-06  5.46374E-03  9.77090E+00
 2000000000  2.47877E-06  2.79459E-03  1.86724E+01
 3000000000  2.47833E-06  1.88342E-03  2.74065E+01
 4000000000  2.47747E-06  1.43816E-03  3.52542E+01
 5000000000  2.47838E-06  1.31220E-03  3.38796E+01
 6000000000  2.47691E-06  1.09863E-03  4.02714E+01
 7000000000  2.47639E-06  9.48638E-04  4.62966E+01
 8000000000  2.47612E-06  8.49839E-04  5.04703E+01
 9000000000  2.47609E-06  7.77205E-04  5.36398E+01
10000000000  2.47682E-06  7.88232E-04  4.69389E+01
tally   34    1    0
f        1
     54
d        1
u        0
s        0
m        0
c        0
e        0
t        0
vals
  4.39725E-07 0.0002
tfc   10       1       1       1       1       1       1       1       1
 1000000000  4.39621E-07  6.83537E-04  6.24297E+02
 2000000000  4.39546E-07  4.81740E-04  6.28360E+02
 3000000000  4.39692E-07  3.92474E-04  6.31139E+02
 4000000000  4.39751E-07  3.39707E-04  6.31855E+02
 5000000000  4.39747E-07  3.04049E-04  6.31030E+02
 6000000000  4.39800E-07  2.78924E-04  6.24778E+02
 7000000000  4.39740E-07  2.57106E-04  6.30270E+02
 8000000000  4.39776E-07  2.40871E-04  6.28262E+02
 9000000000  4.39749E-07  2.26834E-04  6.29709E+02
10000000000  4.39725E-07  2.15165E-04  6.29941E+02
tally   44    1    0
f        1
     53
d        1
u        0
s        0
m        0
c        0
e        0
t        0
vals
  1.43765E-05 0.0015
tfc   10       1       1       1       1       1       1       1       1
 1000000000  1.43003E-05  2.62834E-03  4.22232E+01
 2000000000  1.43000E-05  1.82590E-03  4.37400E+01
 3000000000  1.43330E-05  2.04527E-03  2.32405E+01
 4000000000  1.43489E-05  1.85866E-03  2.11069E+01
 5000000000  1.43548E-05  1.63427E-03  2.18418E+01
 6000000000  1.43425E-05  1.39261E-03  2.50632E+01
 7000000000  1.43581E-05  1.40117E-03  2.12213E+01
 8000000000  1.43701E-05  1.43283E-03  1.77549E+01
 9000000000  1.43672E-05  1.34326E-03  1.79571E+01
10000000000  1.43765E-05  1.47678E-03  1.33725E+01
tally   54    1    0
f        1
     52
d        1
u        0
s        0
m        0
c        0
e        0
t        0
vals
  2.52080E-07 0.0004
tfc   10       1       1       1       1       1       1       1       1
 1000000000  2.52111E-07  1.19138E-03  2.05500E+02
 2000000000  2.52374E-07  8.41987E-04  2.05695E+02
 3000000000  2.52229E-07  6.70175E-04  2.16457E+02
 4000000000  2.52149E-07  5.79121E-04  2.17415E+02
 5000000000  2.52143E-07  5.16384E-04  2.18772E+02
 6000000000  2.52211E-07  4.76956E-04  2.13669E+02
 7000000000  2.52125E-07  4.42471E-04  2.12805E+02
 8000000000  2.52090E-07  4.14313E-04  2.12350E+02
 9000000000  2.52112E-07  3.89966E-04  2.13061E+02
10000000000  2.52080E-07  3.70703E-04  2.12221E+02
tally   64    1    0
f        1
     51
d        1
u        0
s        0
m        0
c        0
e        0
t        0
vals
  1.33536E-07 0.0019
tfc   10       1       1       1       1       1       1       1       1
 1000000000  1.34121E-07  7.16425E-03  5.68294E+00
 2000000000  1.34223E-07  4.87512E-03  6.13571E+00
 3000000000  1.33872E-07  3.79666E-03  6.74440E+00
 4000000000  1.33699E-07  3.18604E-03  7.18331E+00
 5000000000  1.33564E-07  2.75425E-03  7.69009E+00
 6000000000  1.33614E-07  2.45309E-03  8.07734E+00
 7000000000  1.33506E-07  2.24491E-03  8.26711E+00
 8000000000  1.33553E-07  2.10308E-03  8.24134E+00
 9000000000  1.33533E-07  1.97068E-03  8.34310E+00
10000000000  1.33536E-07  1.85243E-03  8.49882E+00
