mcnp       5.mpi 02/25/18 11:21:55     3  1000000000   618953347554
 steel-plate                                                                    
ntal     1
    4
tally    4    1    0
f        1
     42
d        1
u        0
s        0
m        0
c        0
e        0
t        0
vals
  1.63835E-12 0.0138
tfc   10       1       1       1       1       1       1       1       1
  100000000  1.56724E-12  1.11955E-02  3.50253E+01
  200000000  1.58300E-12  1.05504E-02  1.97313E+01
  300000000  1.58499E-12  7.88313E-03  2.29152E+01
  400000000  1.58495E-12  6.42266E-03  2.59277E+01
  500000000  1.59556E-12  7.13349E-03  1.67694E+01
  600000000  1.59594E-12  6.25511E-03  1.82312E+01
  700000000  1.60556E-12  7.82916E-03  9.96633E+00
  800000000  1.62647E-12  1.30086E-02  3.15464E+00
  900000000  1.62168E-12  1.16570E-02  3.49478E+00
 1000000000  1.63835E-12  1.37501E-02  2.23187E+00
