mcnp       5.mpi 02/25/18 17:41:26     3  1000000000   385120771854
 steel-plate                                                                    
ntal     1
    4
tally    4    1    0
f        1
     42
d        1
u        0
s        0
m        0
c        0
e        0
t        0
vals
  2.05354E-12 0.0724
tfc   10       1       1       1       1       1       1       1       1
  100000000  1.91296E-12  1.56952E-01  2.82021E-01
  200000000  1.75128E-12  8.58781E-02  4.71168E-01
  300000000  2.12750E-12  1.89327E-01  6.14287E-02
  400000000  2.19136E-12  1.45473E-01  7.67689E-02
  500000000  2.13964E-12  1.22122E-01  8.78276E-02
  600000000  2.05474E-12  1.05990E-01  9.80733E-02
  700000000  1.99343E-12  9.36925E-02  1.08316E-01
  800000000  2.00785E-12  8.45785E-02  1.15843E-01
  900000000  2.05047E-12  7.66595E-02  1.24601E-01
 1000000000  2.05354E-12  7.24012E-02  1.26262E-01
