mcnp       5.mpi 02/24/18 09:10:32     3  1000000000   691331254764
 steel-plate                                                                    
ntal     1
    4
tally    4    1    0
f        1
     42
d        1
u        0
s        0
m        0
c        0
e        0
t        0
vals
  1.84790E-12 0.1123
tfc   10       1       1       1       1       1       1       1       1
  100000000  1.62428E-12  2.90799E-02  4.97311E+00
  200000000  1.62663E-12  1.79294E-02  6.53448E+00
  300000000  1.63239E-12  1.78514E-02  4.40734E+00
  400000000  1.61584E-12  1.36551E-02  5.68619E+00
  500000000  1.61118E-12  1.12181E-02  6.71888E+00
  600000000  1.65587E-12  2.81877E-02  8.79088E-01
  700000000  1.64614E-12  2.43962E-02  1.00905E+00
  800000000  1.64910E-12  2.23882E-02  1.04560E+00
  900000000  1.64689E-12  2.00661E-02  1.15907E+00
 1000000000  1.84790E-12  1.12273E-01  2.97060E-02
