mcnp       5.mpi 02/25/18 07:15:24     3  1000000000   345009163709
 steel-plate                                                                    
ntal     1
    4
tally    4    1    0
f        1
     42
d        1
u        0
s        0
m        0
c        0
e        0
t        0
vals
  2.18536E-12 0.1192
tfc   10       1       1       1       1       1       1       1       1
  100000000  2.33188E-12  2.27204E-01  1.17349E-01
  200000000  3.10372E-12  3.70344E-01  2.37006E-02
  300000000  2.61806E-12  2.92721E-01  2.69408E-02
  400000000  2.38643E-12  2.40999E-01  3.07704E-02
  500000000  2.40305E-12  2.00589E-01  3.52624E-02
  600000000  2.26804E-12  1.77114E-01  3.83740E-02
  700000000  2.18903E-12  1.57345E-01  4.21960E-02
  800000000  2.12251E-12  1.42004E-01  4.56402E-02
  900000000  2.23963E-12  1.29142E-01  4.70506E-02
 1000000000  2.18536E-12  1.19165E-01  5.02300E-02
