mcnp       5.mpi 02/25/18 07:26:45     3  1000000000   567639398106
 steel-plate                                                                    
ntal     1
    4
tally    4    1    0
f        1
     42
d        1
u        0
s        0
m        0
c        0
e        0
t        0
vals
  3.73075E-12 0.3893
tfc   10       1       1       1       1       1       1       1       1
  100000000  1.98614E-12  1.56286E-01  2.77954E-01
  200000000  2.32679E-12  2.24683E-01  6.81124E-02
  300000000  2.24378E-12  1.63668E-01  8.54947E-02
  400000000  2.09835E-12  1.31388E-01  1.00463E-01
  500000000  4.93971E-12  5.67547E-01  2.31452E-03
  600000000  4.41720E-12  5.28924E-01  2.39497E-03
  700000000  4.01850E-12  4.98345E-01  2.46707E-03
  800000000  4.20367E-12  4.31855E-01  2.80866E-03
  900000000  3.96371E-12  4.07176E-01  2.92154E-03
 1000000000  3.73075E-12  3.89342E-01  2.99214E-03
