mcnp       5.mpi 02/26/18 06:04:38    11 10000000000  6878847360432
 dlvn                                                                           
ntal     6
   14   24   34   44   54   64
tally   14    1    0
f        1
     56
d        1
u        0
s        0
m        0
c        0
e        0
t        0
vals
  7.08520E-07 0.0002
tfc   10       1       1       1       1       1       1       1       1
 1000000000  7.07584E-07  5.85735E-04  8.68335E+02
 2000000000  7.08110E-07  5.00701E-04  5.93801E+02
 3000000000  7.08387E-07  3.88035E-04  6.59091E+02
 4000000000  7.08573E-07  3.26589E-04  6.97658E+02
 5000000000  7.08545E-07  2.85861E-04  7.28495E+02
 6000000000  7.08614E-07  2.58205E-04  7.44138E+02
 7000000000  7.08533E-07  2.36606E-04  7.59638E+02
 8000000000  7.08532E-07  2.19856E-04  7.69853E+02
 9000000000  7.08491E-07  2.06081E-04  7.78891E+02
10000000000  7.08520E-07  1.94374E-04  7.88016E+02
tally   24    1    0
f        1
     55
d        1
u        0
s        0
m        0
c        0
e        0
t        0
vals
  2.47595E-06 0.0008
tfc   10       1       1       1       1       1       1       1       1
 1000000000  2.47080E-06  6.26344E-04  7.59390E+02
 2000000000  2.47171E-06  5.41081E-04  5.08480E+02
 3000000000  2.47159E-06  4.21162E-04  5.59486E+02
 4000000000  2.47142E-06  3.54446E-04  5.92304E+02
 5000000000  2.47092E-06  3.08948E-04  6.23688E+02
 6000000000  2.47217E-06  4.46913E-04  2.48392E+02
 7000000000  2.47449E-06  1.01212E-03  4.15139E+01
 8000000000  2.47396E-06  8.89467E-04  4.70353E+01
 9000000000  2.47506E-06  8.66082E-04  4.40996E+01
10000000000  2.47595E-06  8.19052E-04  4.43800E+01
tally   34    1    0
f        1
     54
d        1
u        0
s        0
m        0
c        0
e        0
t        0
vals
  4.39855E-07 0.0002
tfc   10       1       1       1       1       1       1       1       1
 1000000000  4.39779E-07  7.00819E-04  6.06566E+02
 2000000000  4.39724E-07  4.89874E-04  6.20338E+02
 3000000000  4.39698E-07  4.00595E-04  6.18410E+02
 4000000000  4.39842E-07  3.45725E-04  6.22563E+02
 5000000000  4.39814E-07  3.09439E-04  6.21711E+02
 6000000000  4.39836E-07  2.82626E-04  6.21096E+02
 7000000000  4.39786E-07  2.61051E-04  6.24033E+02
 8000000000  4.39825E-07  2.44773E-04  6.21093E+02
 9000000000  4.39841E-07  2.32711E-04  6.10828E+02
10000000000  4.39855E-07  2.20356E-04  6.13144E+02
tally   44    1    0
f        1
     53
d        1
u        0
s        0
m        0
c        0
e        0
t        0
vals
  1.45208E-05 0.0083
tfc   10       1       1       1       1       1       1       1       1
 1000000000  1.53724E-05  6.86333E-02  6.32442E-02
 2000000000  1.48661E-05  3.55736E-02  1.17637E-01
 3000000000  1.46978E-05  2.40067E-02  1.72195E-01
 4000000000  1.46114E-05  1.81368E-02  2.26217E-01
 5000000000  1.45636E-05  1.46153E-02  2.78692E-01
 6000000000  1.45187E-05  1.22213E-02  3.32160E-01
 7000000000  1.45720E-05  1.17179E-02  3.09710E-01
 8000000000  1.45518E-05  1.03032E-02  3.50541E-01
 9000000000  1.45285E-05  9.17979E-03  3.92543E-01
10000000000  1.45208E-05  8.29397E-03  4.32798E-01
tally   54    1    0
f        1
     52
d        1
u        0
s        0
m        0
c        0
e        0
t        0
vals
  2.52164E-07 0.0004
tfc   10       1       1       1       1       1       1       1       1
 1000000000  2.51675E-07  1.10953E-03  2.41998E+02
 2000000000  2.51922E-07  7.99436E-04  2.32933E+02
 3000000000  2.51836E-07  6.55676E-04  2.30839E+02
 4000000000  2.52120E-07  5.84025E-04  2.18164E+02
 5000000000  2.52189E-07  5.24704E-04  2.16227E+02
 6000000000  2.52228E-07  4.83396E-04  2.12313E+02
 7000000000  2.52191E-07  4.47564E-04  2.12299E+02
 8000000000  2.52201E-07  4.25949E-04  2.05101E+02
 9000000000  2.52177E-07  4.00395E-04  2.06337E+02
10000000000  2.52164E-07  3.77241E-04  2.09205E+02
tally   64    1    0
f        1
     51
d        1
u        0
s        0
m        0
c        0
e        0
t        0
vals
  1.33161E-07 0.0019
tfc   10       1       1       1       1       1       1       1       1
 1000000000  1.32166E-07  5.17522E-03  1.11233E+01
 2000000000  1.33262E-07  4.32750E-03  7.94921E+00
 3000000000  1.33163E-07  3.50433E-03  8.08122E+00
 4000000000  1.33440E-07  2.96442E-03  8.46772E+00
 5000000000  1.33272E-07  2.60102E-03  8.79932E+00
 6000000000  1.33227E-07  2.39938E-03  8.61755E+00
 7000000000  1.32984E-07  2.17264E-03  9.00913E+00
 8000000000  1.33093E-07  2.16648E-03  7.92818E+00
 9000000000  1.33073E-07  2.02146E-03  8.09515E+00
10000000000  1.33161E-07  1.91423E-03  8.12501E+00
