mcnp       5.mpi 02/26/18 09:51:22    11 10000000000  7019502638087
 dlvn                                                                           
ntal     6
   14   24   34   44   54   64
tally   14    1    0
f        1
     56
d        1
u        0
s        0
m        0
c        0
e        0
t        0
vals
  7.08405E-07 0.0002
tfc   10       1       1       1       1       1       1       1       1
 1000000000  7.08500E-07  5.73658E-04  8.88255E+02
 2000000000  7.08068E-07  4.04349E-04  8.93788E+02
 3000000000  7.08199E-07  3.30024E-04  8.94467E+02
 4000000000  7.08457E-07  2.89237E-04  8.73268E+02
 5000000000  7.08366E-07  2.58432E-04  8.75095E+02
 6000000000  7.08486E-07  2.35624E-04  8.77260E+02
 7000000000  7.08394E-07  2.17749E-04  8.80396E+02
 8000000000  7.08321E-07  2.03486E-04  8.82020E+02
 9000000000  7.08327E-07  1.91471E-04  8.85479E+02
10000000000  7.08405E-07  1.90236E-04  8.07269E+02
tally   24    1    0
f        1
     55
d        1
u        0
s        0
m        0
c        0
e        0
t        0
vals
  2.47391E-06 0.0003
tfc   10       1       1       1       1       1       1       1       1
 1000000000  2.47480E-06  9.99929E-04  2.92351E+02
 2000000000  2.47347E-06  6.65663E-04  3.29791E+02
 3000000000  2.47359E-06  5.16438E-04  3.65273E+02
 4000000000  2.47398E-06  5.43104E-04  2.47679E+02
 5000000000  2.47390E-06  4.57945E-04  2.78689E+02
 6000000000  2.47331E-06  3.97023E-04  3.08984E+02
 7000000000  2.47340E-06  3.53513E-04  3.34023E+02
 8000000000  2.47347E-06  3.35156E-04  3.25129E+02
 9000000000  2.47342E-06  3.21137E-04  3.14777E+02
10000000000  2.47391E-06  3.26738E-04  2.73654E+02
tally   34    1    0
f        1
     54
d        1
u        0
s        0
m        0
c        0
e        0
t        0
vals
  4.39790E-07 0.0002
tfc   10       1       1       1       1       1       1       1       1
 1000000000  4.39796E-07  6.82704E-04  6.27160E+02
 2000000000  4.39629E-07  4.82397E-04  6.27970E+02
 3000000000  4.39650E-07  3.92666E-04  6.31840E+02
 4000000000  4.39814E-07  3.40981E-04  6.28341E+02
 5000000000  4.39838E-07  3.05178E-04  6.27539E+02
 6000000000  4.39849E-07  2.79799E-04  6.22119E+02
 7000000000  4.39787E-07  2.59087E-04  6.21867E+02
 8000000000  4.39778E-07  2.42426E-04  6.21427E+02
 9000000000  4.39758E-07  2.28051E-04  6.24191E+02
10000000000  4.39790E-07  2.20843E-04  5.99014E+02
tally   44    1    0
f        1
     53
d        1
u        0
s        0
m        0
c        0
e        0
t        0
vals
  1.43999E-05 0.0020
tfc   10       1       1       1       1       1       1       1       1
 1000000000  1.43528E-05  2.93782E-03  3.38682E+01
 2000000000  1.43310E-05  2.06519E-03  3.42633E+01
 3000000000  1.43817E-05  3.28792E-03  9.01182E+00
 4000000000  1.44025E-05  2.96081E-03  8.33360E+00
 5000000000  1.43877E-05  2.43972E-03  9.81897E+00
 6000000000  1.43997E-05  2.39965E-03  8.45809E+00
 7000000000  1.44172E-05  2.49993E-03  6.67934E+00
 8000000000  1.44234E-05  2.40894E-03  6.29357E+00
 9000000000  1.44087E-05  2.16092E-03  6.95195E+00
10000000000  1.43999E-05  1.98633E-03  7.40459E+00
tally   54    1    0
f        1
     52
d        1
u        0
s        0
m        0
c        0
e        0
t        0
vals
  2.52304E-07 0.0004
tfc   10       1       1       1       1       1       1       1       1
 1000000000  2.52356E-07  1.38084E-03  1.53304E+02
 2000000000  2.52267E-07  8.95279E-04  1.82318E+02
 3000000000  2.52273E-07  7.04537E-04  1.96267E+02
 4000000000  2.52439E-07  6.05711E-04  1.99124E+02
 5000000000  2.52316E-07  5.33052E-04  2.05687E+02
 6000000000  2.52303E-07  4.81886E-04  2.09739E+02
 7000000000  2.52297E-07  4.50394E-04  2.05780E+02
 8000000000  2.52293E-07  4.19032E-04  2.07996E+02
 9000000000  2.52308E-07  3.93091E-04  2.10085E+02
10000000000  2.52304E-07  3.73287E-04  2.09661E+02
tally   64    1    0
f        1
     51
d        1
u        0
s        0
m        0
c        0
e        0
t        0
vals
  1.33531E-07 0.0019
tfc   10       1       1       1       1       1       1       1       1
 1000000000  1.34191E-07  6.40264E-03  7.13059E+00
 2000000000  1.34230E-07  4.49930E-03  7.21867E+00
 3000000000  1.34339E-07  3.69159E-03  7.14868E+00
 4000000000  1.34105E-07  3.12710E-03  7.47085E+00
 5000000000  1.33869E-07  2.81204E-03  7.39102E+00
 6000000000  1.33939E-07  2.52852E-03  7.61787E+00
 7000000000  1.33643E-07  2.28378E-03  8.00349E+00
 8000000000  1.33652E-07  2.12694E-03  8.07306E+00
 9000000000  1.33486E-07  1.97461E-03  8.32565E+00
10000000000  1.33531E-07  1.86215E-03  8.42509E+00
