mcnp       5.mpi 03/01/18 12:15:49    11 10000000000  6792225883528
 dlvn                                                                           
ntal     6
   14   24   34   44   54   64
tally   14    1    0
f        1
     56
d        1
u        0
s        0
m        0
c        0
e        0
t        0
vals
  7.08081E-07 0.0004
tfc   10       1       1       1       1       1       1       1       1
 1000000000  7.06526E-07  1.08873E-03  1.89727E+02
 2000000000  7.07360E-07  7.88328E-04  1.80806E+02
 3000000000  7.07529E-07  6.55046E-04  1.74576E+02
 4000000000  7.07679E-07  5.72855E-04  1.71207E+02
 5000000000  7.07836E-07  5.02424E-04  1.78061E+02
 6000000000  7.07889E-07  4.60908E-04  1.76303E+02
 7000000000  7.08062E-07  4.33966E-04  1.70451E+02
 8000000000  7.07916E-07  3.98828E-04  1.76563E+02
 9000000000  7.07947E-07  3.73418E-04  1.79013E+02
10000000000  7.08081E-07  3.74242E-04  1.60405E+02
tally   24    1    0
f        1
     55
d        1
u        0
s        0
m        0
c        0
e        0
t        0
vals
  2.47438E-06 0.0002
tfc   10       1       1       1       1       1       1       1       1
 1000000000  2.47293E-06  5.07719E-04  8.72407E+02
 2000000000  2.47511E-06  3.50787E-04  9.13143E+02
 3000000000  2.47450E-06  2.85924E-04  9.16275E+02
 4000000000  2.47410E-06  2.46347E-04  9.25797E+02
 5000000000  2.47432E-06  2.19574E-04  9.32287E+02
 6000000000  2.47445E-06  2.00407E-04  9.32530E+02
 7000000000  2.47480E-06  1.85718E-04  9.30685E+02
 8000000000  2.47463E-06  1.73018E-04  9.38183E+02
 9000000000  2.47466E-06  1.62792E-04  9.41903E+02
10000000000  2.47438E-06  1.54135E-04  9.45630E+02
tally   34    1    0
f        1
     54
d        1
u        0
s        0
m        0
c        0
e        0
t        0
vals
  4.39860E-07 0.0002
tfc   10       1       1       1       1       1       1       1       1
 1000000000  4.39478E-07  7.31034E-04  4.20815E+02
 2000000000  4.40072E-07  5.35287E-04  3.92150E+02
 3000000000  4.40074E-07  4.38089E-04  3.90304E+02
 4000000000  4.39908E-07  3.77094E-04  3.95104E+02
 5000000000  4.39926E-07  3.39546E-04  3.89863E+02
 6000000000  4.39877E-07  3.10206E-04  3.89214E+02
 7000000000  4.39961E-07  2.88950E-04  3.84474E+02
 8000000000  4.39843E-07  2.69695E-04  3.86123E+02
 9000000000  4.39894E-07  2.53674E-04  3.87901E+02
10000000000  4.39860E-07  2.40470E-04  3.88511E+02
tally   44    1    0
f        1
     53
d        1
u        0
s        0
m        0
c        0
e        0
t        0
vals
  1.44403E-05 0.0018
tfc   10       1       1       1       1       1       1       1       1
 1000000000  1.44105E-05  7.41807E-04  4.08682E+02
 2000000000  1.44208E-05  6.62004E-04  2.56392E+02
 3000000000  1.44219E-05  7.15627E-04  1.46270E+02
 4000000000  1.44176E-05  5.52500E-04  1.84054E+02
 5000000000  1.44177E-05  4.84530E-04  1.91456E+02
 6000000000  1.44620E-05  2.95721E-03  4.28277E+00
 7000000000  1.44548E-05  2.53744E-03  4.98564E+00
 8000000000  1.44475E-05  2.22227E-03  5.68689E+00
 9000000000  1.44444E-05  1.97872E-03  6.37540E+00
10000000000  1.44403E-05  1.78230E-03  7.07233E+00
tally   54    1    0
f        1
     52
d        1
u        0
s        0
m        0
c        0
e        0
t        0
vals
  2.52246E-07 0.0002
tfc   10       1       1       1       1       1       1       1       1
 1000000000  2.52131E-07  5.43218E-04  7.62110E+02
 2000000000  2.52309E-07  3.83253E-04  7.64987E+02
 3000000000  2.52268E-07  3.12489E-04  7.67113E+02
 4000000000  2.52246E-07  2.75640E-04  7.39479E+02
 5000000000  2.52222E-07  2.44475E-04  7.52040E+02
 6000000000  2.52204E-07  2.22335E-04  7.57657E+02
 7000000000  2.52222E-07  2.06296E-04  7.54279E+02
 8000000000  2.52233E-07  1.95144E-04  7.37500E+02
 9000000000  2.52256E-07  1.83589E-04  7.40594E+02
10000000000  2.52246E-07  1.73712E-04  7.44500E+02
tally   64    1    0
f        1
     51
d        1
u        0
s        0
m        0
c        0
e        0
t        0
vals
  1.33431E-07 0.0002
tfc   10       1       1       1       1       1       1       1       1
 1000000000  1.33398E-07  6.40630E-04  5.47963E+02
 2000000000  1.33535E-07  4.64171E-04  5.21518E+02
 3000000000  1.33459E-07  3.77945E-04  5.24411E+02
 4000000000  1.33438E-07  3.25433E-04  5.30501E+02
 5000000000  1.33439E-07  2.90284E-04  5.33412E+02
 6000000000  1.33445E-07  2.64545E-04  5.35169E+02
 7000000000  1.33429E-07  2.44895E-04  5.35244E+02
 8000000000  1.33421E-07  2.28793E-04  5.36520E+02
 9000000000  1.33425E-07  2.15823E-04  5.35896E+02
10000000000  1.33431E-07  2.05101E-04  5.34060E+02
