mcnp       5.mpi 03/02/18 13:26:07     2  1000000000   133805569893
                                                                                
ntal     4
   14   24   34   44
tally   14    2    0
f        1
      1
d        1
u        0
s        0
m        0
c        0
e        0
t        0
vals
  5.31143E-10 0.0061
tfc   10       1       1       1       1       1       1       1       1
  100000000  5.17944E-10  1.83077E-02  3.18283E+01
  200000000  5.25963E-10  1.34846E-02  2.93365E+01
  300000000  5.28648E-10  1.11154E-02  2.87907E+01
  400000000  5.28788E-10  9.64974E-03  2.86574E+01
  500000000  5.31307E-10  8.58858E-03  2.89444E+01
  600000000  5.30169E-10  7.78415E-03  2.93657E+01
  700000000  5.31710E-10  7.22298E-03  2.92360E+01
  800000000  5.32864E-10  6.77415E-03  2.90846E+01
  900000000  5.32539E-10  6.42241E-03  2.87632E+01
 1000000000  5.31143E-10  6.10027E-03  2.86939E+01
tally   24    2    0
f        1
      2
d        1
u        0
s        0
m        0
c        0
e        0
t        0
vals
  4.32913E-10 0.0045
tfc   10       1       1       1       1       1       1       1       1
  100000000  4.30168E-10  1.38268E-02  5.58003E+01
  200000000  4.28809E-10  9.54499E-03  5.85510E+01
  300000000  4.32082E-10  8.04971E-03  5.48961E+01
  400000000  4.30482E-10  7.07077E-03  5.33745E+01
  500000000  4.30972E-10  6.36745E-03  5.26593E+01
  600000000  4.31800E-10  5.79967E-03  5.28999E+01
  700000000  4.32399E-10  5.30693E-03  5.41581E+01
  800000000  4.33219E-10  5.06877E-03  5.19478E+01
  900000000  4.33032E-10  4.76114E-03  5.23372E+01
 1000000000  4.32913E-10  4.52828E-03  5.20739E+01
tally   34    2    0
f        1
      3
d        1
u        0
s        0
m        0
c        0
e        0
t        0
vals
  3.40221E-10 0.0036
tfc   10       1       1       1       1       1       1       1       1
  100000000  3.38584E-10  1.12292E-02  8.46021E+01
  200000000  3.42118E-10  7.86372E-03  8.62640E+01
  300000000  3.42853E-10  6.48670E-03  8.45386E+01
  400000000  3.40639E-10  5.63882E-03  8.39250E+01
  500000000  3.40840E-10  5.07321E-03  8.29548E+01
  600000000  3.40724E-10  4.66411E-03  8.17945E+01
  700000000  3.40652E-10  4.33279E-03  8.12485E+01
  800000000  3.40742E-10  4.06314E-03  8.08445E+01
  900000000  3.39986E-10  3.82980E-03  8.08876E+01
 1000000000  3.40221E-10  3.62112E-03  8.14333E+01
tally   44    2    0
f        1
      4
d        1
u        0
s        0
m        0
c        0
e        0
t        0
vals
  4.40917E-10 0.0048
tfc   10       1       1       1       1       1       1       1       1
  100000000  4.43885E-10  1.48324E-02  4.84908E+01
  200000000  4.42047E-10  1.06349E-02  4.71650E+01
  300000000  4.36354E-10  8.61174E-03  4.79645E+01
  400000000  4.37865E-10  7.64618E-03  4.56435E+01
  500000000  4.40440E-10  6.78984E-03  4.63113E+01
  600000000  4.41435E-10  6.14528E-03  4.71171E+01
  700000000  4.41722E-10  5.69810E-03  4.69775E+01
  800000000  4.40909E-10  5.32406E-03  4.70855E+01
  900000000  4.41016E-10  4.99956E-03  4.74646E+01
 1000000000  4.40917E-10  4.75142E-03  4.72978E+01
