mcnp       5.mpi 03/02/18 14:54:48     3  1000000000   617484394792
                                                                                
ntal     4
   14   24   34   44
tally   14    2    0
f        1
      1
d        1
u        0
s        0
m        0
c        0
e        0
t        0
vals
  5.28907E-10 0.0067
tfc   10       1       1       1       1       1       1       1       1
  100000000  5.24450E-10  2.17174E-02  8.26524E+00
  200000000  5.29453E-10  1.51059E-02  8.55162E+00
  300000000  5.25411E-10  1.19522E-02  9.10922E+00
  400000000  5.27762E-10  1.08699E-02  8.26229E+00
  500000000  5.28124E-10  9.74551E-03  8.22727E+00
  600000000  5.30027E-10  8.88505E-03  8.25566E+00
  700000000  5.31291E-10  8.12581E-03  8.46578E+00
  800000000  5.32322E-10  7.64677E-03  8.36857E+00
  900000000  5.30445E-10  7.16398E-03  8.47841E+00
 1000000000  5.28907E-10  6.73563E-03  8.63449E+00
tally   24    2    0
f        1
      2
d        1
u        0
s        0
m        0
c        0
e        0
t        0
vals
  4.27829E-10 0.0132
tfc   10       1       1       1       1       1       1       1       1
  100000000  4.57489E-10  3.97036E-02  2.47293E+00
  200000000  4.62821E-10  4.25060E-02  1.08004E+00
  300000000  4.46387E-10  3.09322E-02  1.36006E+00
  400000000  4.36267E-10  2.48641E-02  1.57908E+00
  500000000  4.29787E-10  2.10674E-02  1.76052E+00
  600000000  4.27161E-10  1.84578E-02  1.91299E+00
  700000000  4.24947E-10  1.66500E-02  2.01636E+00
  800000000  4.29490E-10  1.54599E-02  2.04736E+00
  900000000  4.28898E-10  1.41885E-02  2.16148E+00
 1000000000  4.27829E-10  1.31554E-02  2.26352E+00
tally   34    2    0
f        1
      3
d        1
u        0
s        0
m        0
c        0
e        0
t        0
vals
  3.51151E-10 0.0281
tfc   10       1       1       1       1       1       1       1       1
  100000000  3.37619E-10  5.34003E-02  1.36705E+00
  200000000  3.38127E-10  3.92952E-02  1.26375E+00
  300000000  3.38928E-10  3.71340E-02  9.43707E-01
  400000000  3.37819E-10  3.38701E-02  8.50970E-01
  500000000  3.40287E-10  2.94506E-02  9.00898E-01
  600000000  3.53840E-10  3.79471E-02  4.52600E-01
  700000000  3.60326E-10  3.65547E-02  4.18325E-01
  800000000  3.57723E-10  3.31334E-02  4.45733E-01
  900000000  3.54391E-10  3.01717E-02  4.77995E-01
 1000000000  3.51151E-10  2.80923E-02  4.96386E-01
tally   44    2    0
f        1
      4
d        1
u        0
s        0
m        0
c        0
e        0
t        0
vals
  4.27760E-10 0.0221
tfc   10       1       1       1       1       1       1       1       1
  100000000  4.98739E-10  9.05241E-02  4.75712E-01
  200000000  4.70608E-10  5.75767E-02  5.88638E-01
  300000000  4.41618E-10  4.42257E-02  6.65318E-01
  400000000  4.31504E-10  3.67252E-02  7.23801E-01
  500000000  4.31233E-10  3.20733E-02  7.59586E-01
  600000000  4.30979E-10  2.91736E-02  7.65755E-01
  700000000  4.28268E-10  2.66960E-02  7.84343E-01
  800000000  4.23748E-10  2.47041E-02  8.01805E-01
  900000000  4.27520E-10  2.31458E-02  8.12234E-01
 1000000000  4.27760E-10  2.21317E-02  7.99771E-01
