mcnp       5.mpi 02/27/18 03:39:07    11 10000000000  2388495841814
 dlvn                                                                           
ntal     6
   14   24   34   44   54   64
tally   14    1    0
f        1
     56
d        1
u        0
s        0
m        0
c        0
e        0
t        0
vals
  6.91157E-07 0.0281
tfc   10       1       1       1       1       1       1       1       1
 1000000000  6.55200E-07  2.88375E-02  7.65541E-01
 2000000000  7.21933E-07  1.04575E-01  2.90757E-02
 3000000000  7.02929E-07  7.29907E-02  3.97757E-02
 4000000000  6.86097E-07  5.64314E-02  4.99025E-02
 5000000000  6.97235E-07  5.01114E-02  5.05915E-02
 6000000000  6.94373E-07  4.25157E-02  5.85758E-02
 7000000000  6.91689E-07  3.72858E-02  6.52909E-02
 8000000000  6.91502E-07  3.33959E-02  7.12106E-02
 9000000000  6.92694E-07  3.02253E-02  7.72738E-02
10000000000  6.91157E-07  2.80681E-02  8.06084E-02
tally   24    1    0
f        1
     55
d        1
u        0
s        0
m        0
c        0
e        0
t        0
vals
  2.54370E-06 0.0298
tfc   10       1       1       1       1       1       1       1       1
 1000000000  2.27160E-06  2.12297E-02  1.41252E+00
 2000000000  2.49563E-06  6.77775E-02  6.92181E-02
 3000000000  2.46753E-06  4.68141E-02  9.66940E-02
 4000000000  2.47328E-06  3.83777E-02  1.07896E-01
 5000000000  2.58303E-06  5.14659E-02  4.79636E-02
 6000000000  2.62633E-06  4.55560E-02  5.10182E-02
 7000000000  2.57949E-06  3.98674E-02  5.71089E-02
 8000000000  2.57817E-06  3.61863E-02  6.06516E-02
 9000000000  2.56262E-06  3.27225E-02  6.59300E-02
10000000000  2.54370E-06  2.98042E-02  7.14912E-02
tally   34    1    0
f        1
     54
d        1
u        0
s        0
m        0
c        0
e        0
t        0
vals
  4.22832E-07 0.0189
tfc   10       1       1       1       1       1       1       1       1
 1000000000  4.23073E-07  5.31248E-02  2.25575E-01
 2000000000  4.07723E-07  3.08170E-02  3.34818E-01
 3000000000  4.19619E-07  4.03092E-02  1.30420E-01
 4000000000  4.17260E-07  3.14917E-02  1.60241E-01
 5000000000  4.20549E-07  2.92452E-02  1.48539E-01
 6000000000  4.25904E-07  2.68408E-02  1.46969E-01
 7000000000  4.22287E-07  2.35080E-02  1.64251E-01
 8000000000  4.22450E-07  2.17277E-02  1.68230E-01
 9000000000  4.22265E-07  2.05503E-02  1.67163E-01
10000000000  4.22832E-07  1.89221E-02  1.77365E-01
tally   44    1    0
f        1
     53
d        1
u        0
s        0
m        0
c        0
e        0
t        0
vals
  1.50389E-05 0.0315
tfc   10       1       1       1       1       1       1       1       1
 1000000000  1.46143E-05  5.89811E-02  1.83003E-01
 2000000000  1.43024E-05  3.50753E-02  2.58456E-01
 3000000000  1.45539E-05  2.94632E-02  2.44114E-01
 4000000000  1.43362E-05  2.38151E-02  2.80193E-01
 5000000000  1.44984E-05  2.41241E-02  2.18297E-01
 6000000000  1.53535E-05  4.94970E-02  4.32175E-02
 7000000000  1.54136E-05  4.31470E-02  4.87571E-02
 8000000000  1.53105E-05  3.83539E-02  5.39898E-02
 9000000000  1.51242E-05  3.46066E-02  5.89463E-02
10000000000  1.50389E-05  3.15005E-02  6.39987E-02
tally   54    1    0
f        1
     52
d        1
u        0
s        0
m        0
c        0
e        0
t        0
vals
  2.42342E-07 0.0233
tfc   10       1       1       1       1       1       1       1       1
 1000000000  2.39374E-07  4.26421E-02  3.50112E-01
 2000000000  2.29997E-07  2.52475E-02  4.98832E-01
 3000000000  2.26611E-07  2.04836E-02  5.05058E-01
 4000000000  2.31559E-07  1.90557E-02  4.37637E-01
 5000000000  2.32739E-07  1.82121E-02  3.83029E-01
 6000000000  2.33578E-07  1.65655E-02  3.85841E-01
 7000000000  2.32588E-07  1.49185E-02  4.07841E-01
 8000000000  2.34880E-07  1.46232E-02  3.71403E-01
 9000000000  2.36264E-07  1.79565E-02  2.18944E-01
10000000000  2.42342E-07  2.33154E-02  1.16822E-01
tally   64    1    0
f        1
     51
d        1
u        0
s        0
m        0
c        0
e        0
t        0
vals
  1.29125E-07 0.0654
tfc   10       1       1       1       1       1       1       1       1
 1000000000  1.08547E-07  3.82318E-02  4.35548E-01
 2000000000  1.22493E-07  1.15405E-01  2.38751E-02
 3000000000  1.16900E-07  8.11097E-02  3.22113E-02
 4000000000  1.22845E-07  7.25009E-02  3.02327E-02
 5000000000  1.20160E-07  5.98188E-02  3.55039E-02
 6000000000  1.18474E-07  5.10816E-02  4.05777E-02
 7000000000  1.18643E-07  4.51091E-02  4.46078E-02
 8000000000  1.19872E-07  4.19485E-02  4.51334E-02
 9000000000  1.19410E-07  3.82803E-02  4.81754E-02
10000000000  1.29125E-07  6.54017E-02  1.48467E-02
