mcnp       5.mpi 02/27/18 10:28:35    11 10000000000  6719861009043
 dlvn                                                                           
ntal     6
   14   24   34   44   54   64
tally   14    1    0
f        1
     56
d        1
u        0
s        0
m        0
c        0
e        0
t        0
vals
  7.07702E-07 0.0003
tfc   10       1       1       1       1       1       1       1       1
 1000000000  7.07413E-07  1.05882E-03  2.02493E+02
 2000000000  7.07627E-07  7.98912E-04  1.77787E+02
 3000000000  7.07495E-07  6.34310E-04  1.88031E+02
 4000000000  7.07623E-07  5.59554E-04  1.81230E+02
 5000000000  7.07522E-07  4.92480E-04  1.87183E+02
 6000000000  7.07577E-07  4.44393E-04  1.91580E+02
 7000000000  7.07749E-07  4.27966E-04  1.77051E+02
 8000000000  7.07793E-07  4.00694E-04  1.76724E+02
 9000000000  7.07814E-07  3.71557E-04  1.82684E+02
10000000000  7.07702E-07  3.49905E-04  1.85404E+02
tally   24    1    0
f        1
     55
d        1
u        0
s        0
m        0
c        0
e        0
t        0
vals
  2.47487E-06 0.0002
tfc   10       1       1       1       1       1       1       1       1
 1000000000  2.47756E-06  9.29305E-04  2.62868E+02
 2000000000  2.47556E-06  5.24963E-04  4.11757E+02
 3000000000  2.47568E-06  3.85294E-04  5.09623E+02
 4000000000  2.47561E-06  3.18633E-04  5.58898E+02
 5000000000  2.47513E-06  2.72402E-04  6.11821E+02
 6000000000  2.47490E-06  2.40798E-04  6.52498E+02
 7000000000  2.47515E-06  2.17899E-04  6.82977E+02
 8000000000  2.47501E-06  2.00170E-04  7.08145E+02
 9000000000  2.47500E-06  1.86021E-04  7.28829E+02
10000000000  2.47487E-06  1.74214E-04  7.47914E+02
tally   34    1    0
f        1
     54
d        1
u        0
s        0
m        0
c        0
e        0
t        0
vals
  4.39835E-07 0.0002
tfc   10       1       1       1       1       1       1       1       1
 1000000000  4.39891E-07  7.65047E-04  3.87862E+02
 2000000000  4.39824E-07  5.37456E-04  3.92836E+02
 3000000000  4.40075E-07  4.51135E-04  3.71725E+02
 4000000000  4.39996E-07  3.87997E-04  3.76926E+02
 5000000000  4.39756E-07  3.44375E-04  3.82807E+02
 6000000000  4.39752E-07  3.15492E-04  3.80109E+02
 7000000000  4.39824E-07  2.92808E-04  3.78226E+02
 8000000000  4.39795E-07  2.72451E-04  3.82247E+02
 9000000000  4.39804E-07  2.56756E-04  3.82569E+02
10000000000  4.39835E-07  2.44139E-04  3.80843E+02
tally   44    1    0
f        1
     53
d        1
u        0
s        0
m        0
c        0
e        0
t        0
vals
  1.44203E-05 0.0003
tfc   10       1       1       1       1       1       1       1       1
 1000000000  1.44247E-05  8.93023E-04  2.84662E+02
 2000000000  1.44165E-05  5.22825E-04  4.15131E+02
 3000000000  1.44204E-05  4.69478E-04  3.43244E+02
 4000000000  1.44201E-05  5.02999E-04  2.24275E+02
 5000000000  1.44191E-05  4.52940E-04  2.21290E+02
 6000000000  1.44204E-05  4.11175E-04  2.23785E+02
 7000000000  1.44191E-05  3.67281E-04  2.40392E+02
 8000000000  1.44177E-05  3.30921E-04  2.59104E+02
 9000000000  1.44203E-05  3.57519E-04  1.97312E+02
10000000000  1.44203E-05  3.34677E-04  2.02660E+02
tally   54    1    0
f        1
     52
d        1
u        0
s        0
m        0
c        0
e        0
t        0
vals
  2.52246E-07 0.0002
tfc   10       1       1       1       1       1       1       1       1
 1000000000  2.52268E-07  5.44712E-04  7.65104E+02
 2000000000  2.52315E-07  4.02257E-04  7.01277E+02
 3000000000  2.52269E-07  3.24045E-04  7.20483E+02
 4000000000  2.52234E-07  2.78832E-04  7.29841E+02
 5000000000  2.52145E-07  2.48470E-04  7.35354E+02
 6000000000  2.52137E-07  2.26694E-04  7.36217E+02
 7000000000  2.52171E-07  2.09232E-04  7.40733E+02
 8000000000  2.52207E-07  1.98596E-04  7.19418E+02
 9000000000  2.52241E-07  1.88953E-04  7.06390E+02
10000000000  2.52246E-07  1.78868E-04  7.09505E+02
tally   64    1    0
f        1
     51
d        1
u        0
s        0
m        0
c        0
e        0
t        0
vals
  1.33410E-07 0.0002
tfc   10       1       1       1       1       1       1       1       1
 1000000000  1.33338E-07  6.71467E-04  5.03507E+02
 2000000000  1.33475E-07  5.48453E-04  3.77242E+02
 3000000000  1.33431E-07  4.28084E-04  4.12835E+02
 4000000000  1.33417E-07  3.57731E-04  4.43405E+02
 5000000000  1.33412E-07  3.15344E-04  4.56536E+02
 6000000000  1.33411E-07  2.83901E-04  4.69409E+02
 7000000000  1.33417E-07  2.60736E-04  4.76997E+02
 8000000000  1.33418E-07  2.42314E-04  4.83244E+02
 9000000000  1.33416E-07  2.27590E-04  4.86906E+02
10000000000  1.33410E-07  2.16786E-04  4.83012E+02
