mcnp       5.mpi 03/02/18 13:57:06     3  1000000000   233755435422
                                                                                
ntal     4
   14   24   34   44
tally   14    2    0
f        1
      1
d        1
u        0
s        0
m        0
c        0
e        0
t        0
vals
  5.30689E-10 0.0028
tfc   10       1       1       1       1       1       1       1       1
  100000000  5.29390E-10  8.83574E-03  8.55410E+01
  200000000  5.27174E-10  6.09629E-03  8.98835E+01
  300000000  5.27745E-10  4.94817E-03  9.09643E+01
  400000000  5.28009E-10  4.28338E-03  9.10541E+01
  500000000  5.28640E-10  3.98438E-03  8.41899E+01
  600000000  5.28991E-10  3.59922E-03  8.59769E+01
  700000000  5.30105E-10  3.34030E-03  8.55650E+01
  800000000  5.30637E-10  3.11929E-03  8.58517E+01
  900000000  5.31301E-10  2.95095E-03  8.52659E+01
 1000000000  5.30689E-10  2.79226E-03  8.57067E+01
tally   24    2    0
f        1
      2
d        1
u        0
s        0
m        0
c        0
e        0
t        0
vals
  4.33168E-10 0.0022
tfc   10       1       1       1       1       1       1       1       1
  100000000  4.32471E-10  7.17687E-03  1.29655E+02
  200000000  4.30144E-10  4.96164E-03  1.35694E+02
  300000000  4.32571E-10  4.08031E-03  1.33775E+02
  400000000  4.32938E-10  3.56118E-03  1.31730E+02
  500000000  4.32471E-10  3.18654E-03  1.31627E+02
  600000000  4.33354E-10  2.91337E-03  1.31222E+02
  700000000  4.32935E-10  2.68596E-03  1.32332E+02
  800000000  4.33237E-10  2.51519E-03  1.32045E+02
  900000000  4.33206E-10  2.36601E-03  1.32637E+02
 1000000000  4.33168E-10  2.24182E-03  1.32962E+02
tally   34    2    0
f        1
      3
d        1
u        0
s        0
m        0
c        0
e        0
t        0
vals
  3.40583E-10 0.0022
tfc   10       1       1       1       1       1       1       1       1
  100000000  3.41083E-10  6.83601E-03  1.42907E+02
  200000000  3.40492E-10  4.82644E-03  1.43403E+02
  300000000  3.40942E-10  3.97054E-03  1.41274E+02
  400000000  3.40892E-10  3.44026E-03  1.41153E+02
  500000000  3.39944E-10  3.07493E-03  1.41355E+02
  600000000  3.40508E-10  2.82306E-03  1.39752E+02
  700000000  3.40235E-10  2.61204E-03  1.39929E+02
  800000000  3.40295E-10  2.44252E-03  1.40018E+02
  900000000  3.39810E-10  2.30183E-03  1.40137E+02
 1000000000  3.40583E-10  2.18240E-03  1.40300E+02
tally   44    2    0
f        1
      4
d        1
u        0
s        0
m        0
c        0
e        0
t        0
vals
  4.40342E-10 0.0030
tfc   10       1       1       1       1       1       1       1       1
  100000000  4.41724E-10  9.39344E-03  7.56852E+01
  200000000  4.39886E-10  6.64769E-03  7.55909E+01
  300000000  4.38763E-10  5.35401E-03  7.76967E+01
  400000000  4.38474E-10  4.62144E-03  7.82201E+01
  500000000  4.39561E-10  4.17634E-03  7.66283E+01
  600000000  4.40232E-10  3.81866E-03  7.63795E+01
  700000000  4.40513E-10  3.56943E-03  7.49323E+01
  800000000  4.40678E-10  3.33501E-03  7.51046E+01
  900000000  4.41141E-10  3.15049E-03  7.48071E+01
 1000000000  4.40342E-10  2.98225E-03  7.51345E+01
