mcnp       5.mpi 03/05/18 11:37:51     2  1000000000    63475891721
                                                                                
ntal     4
   14   24   34   44
tally   14    2    0
f        1
      1
d        1
u        0
s        0
m        0
c        0
e        0
t        0
vals
  5.42284E-10 0.0257
tfc   10       1       1       1       1       1       1       1       1
  100000000  5.16220E-10  7.83855E-02  4.73127E+00
  200000000  4.95580E-10  5.74845E-02  4.40018E+00
  300000000  4.94823E-10  4.72507E-02  4.34354E+00
  400000000  5.17374E-10  3.99421E-02  4.56069E+00
  500000000  5.28605E-10  3.51817E-02  4.70489E+00
  600000000  5.28543E-10  3.28549E-02  4.49755E+00
  700000000  5.41714E-10  3.04904E-02  4.47718E+00
  800000000  5.46234E-10  2.88323E-02  4.38194E+00
  900000000  5.41424E-10  2.70737E-02  4.41814E+00
 1000000000  5.42284E-10  2.57107E-02  4.40963E+00
tally   24    2    0
f        1
      2
d        1
u        0
s        0
m        0
c        0
e        0
t        0
vals
  4.04273E-10 0.0304
tfc   10       1       1       1       1       1       1       1       1
  100000000  3.96763E-10  1.09617E-01  2.41933E+00
  200000000  4.13295E-10  6.93582E-02  3.02257E+00
  300000000  4.08112E-10  5.66418E-02  3.02263E+00
  400000000  4.04202E-10  4.91969E-02  3.00619E+00
  500000000  4.04791E-10  4.34066E-02  3.09081E+00
  600000000  4.00239E-10  3.98140E-02  3.06269E+00
  700000000  4.03589E-10  3.60766E-02  3.19801E+00
  800000000  3.99080E-10  3.40356E-02  3.14455E+00
  900000000  3.97792E-10  3.19041E-02  3.18158E+00
 1000000000  4.04273E-10  3.04101E-02  3.15204E+00
tally   34    2    0
f        1
      3
d        1
u        0
s        0
m        0
c        0
e        0
t        0
vals
  3.42549E-10 0.0373
tfc   10       1       1       1       1       1       1       1       1
  100000000  3.88778E-10  1.28052E-01  1.77287E+00
  200000000  3.69992E-10  8.60081E-02  1.96559E+00
  300000000  3.32798E-10  7.22177E-02  1.85940E+00
  400000000  3.38528E-10  6.19149E-02  1.89803E+00
  500000000  3.26736E-10  5.46521E-02  1.94971E+00
  600000000  3.28178E-10  4.82271E-02  2.08734E+00
  700000000  3.23676E-10  4.43042E-02  2.12051E+00
  800000000  3.28943E-10  4.21845E-02  2.04700E+00
  900000000  3.33097E-10  3.99535E-02  2.02874E+00
 1000000000  3.42549E-10  3.72906E-02  2.09619E+00
tally   44    2    0
f        1
      4
d        1
u        0
s        0
m        0
c        0
e        0
t        0
vals
  4.35153E-10 0.0321
tfc   10       1       1       1       1       1       1       1       1
  100000000  4.50416E-10  1.09936E-01  2.40530E+00
  200000000  4.30593E-10  7.29761E-02  2.73030E+00
  300000000  4.35606E-10  5.81624E-02  2.86665E+00
  400000000  4.43951E-10  4.97553E-02  2.93910E+00
  500000000  4.41808E-10  4.45184E-02  2.93835E+00
  600000000  4.31047E-10  4.09438E-02  2.89601E+00
  700000000  4.24617E-10  3.77569E-02  2.91969E+00
  800000000  4.27528E-10  3.57961E-02  2.84284E+00
  900000000  4.31701E-10  3.37526E-02  2.84264E+00
 1000000000  4.35153E-10  3.20866E-02  2.83127E+00
