mcnp       5.mpi 02/25/18 11:34:04     3  1000000000   445880919729
 steel-plate                                                                    
ntal     1
    4
tally    4    1    0
f        1
     42
d        1
u        0
s        0
m        0
c        0
e        0
t        0
vals
  1.90871E-12 0.1370
tfc   10       1       1       1       1       1       1       1       1
  100000000  1.67491E-12  5.50536E-02  1.98776E+00
  200000000  2.99857E-12  4.35143E-01  1.35271E-02
  300000000  2.54261E-12  3.42142E-01  1.53433E-02
  400000000  2.31537E-12  2.81850E-01  1.73484E-02
  500000000  2.17474E-12  2.40074E-01  1.94188E-02
  600000000  2.10934E-12  2.06621E-01  2.20693E-02
  700000000  2.03694E-12  1.83407E-01  2.42160E-02
  800000000  1.98105E-12  1.65011E-01  2.63708E-02
  900000000  1.94131E-12  1.49688E-01  2.84372E-02
 1000000000  1.90871E-12  1.37029E-01  3.06213E-02
