mcnp       5.mpi 03/01/18 11:13:27    11 10000000000  6808893074239
 dlvn                                                                           
ntal     6
   14   24   34   44   54   64
tally   14    1    0
f        1
     56
d        1
u        0
s        0
m        0
c        0
e        0
t        0
vals
  7.08230E-07 0.0004
tfc   10       1       1       1       1       1       1       1       1
 1000000000  7.07222E-07  1.12956E-03  1.75810E+02
 2000000000  7.07692E-07  7.48590E-04  2.00057E+02
 3000000000  7.07906E-07  7.28483E-04  1.40856E+02
 4000000000  7.07711E-07  5.98492E-04  1.56541E+02
 5000000000  7.07820E-07  5.16875E-04  1.67899E+02
 6000000000  7.07931E-07  4.64557E-04  1.73185E+02
 7000000000  7.08002E-07  4.22965E-04  1.79069E+02
 8000000000  7.07998E-07  3.92622E-04  1.81850E+02
 9000000000  7.08014E-07  3.66714E-04  1.85283E+02
10000000000  7.08230E-07  3.59679E-04  1.73339E+02
tally   24    1    0
f        1
     55
d        1
u        0
s        0
m        0
c        0
e        0
t        0
vals
  2.47457E-06 0.0002
tfc   10       1       1       1       1       1       1       1       1
 1000000000  2.47420E-06  4.85204E-04  9.52824E+02
 2000000000  2.47545E-06  3.42317E-04  9.56719E+02
 3000000000  2.47443E-06  2.77848E-04  9.68279E+02
 4000000000  2.47423E-06  2.40436E-04  9.69946E+02
 5000000000  2.47460E-06  2.16309E-04  9.58670E+02
 6000000000  2.47480E-06  1.98649E-04  9.47144E+02
 7000000000  2.47477E-06  1.83822E-04  9.48051E+02
 8000000000  2.47466E-06  1.71727E-04  9.50572E+02
 9000000000  2.47485E-06  1.63084E-04  9.36841E+02
10000000000  2.47457E-06  1.54530E-04  9.39075E+02
tally   34    1    0
f        1
     54
d        1
u        0
s        0
m        0
c        0
e        0
t        0
vals
  4.39873E-07 0.0002
tfc   10       1       1       1       1       1       1       1       1
 1000000000  4.40083E-07  7.62822E-04  3.85490E+02
 2000000000  4.40266E-07  5.37408E-04  3.88179E+02
 3000000000  4.40315E-07  4.42713E-04  3.81391E+02
 4000000000  4.40129E-07  3.80651E-04  3.86983E+02
 5000000000  4.40007E-07  3.42447E-04  3.82501E+02
 6000000000  4.39998E-07  3.12264E-04  3.83304E+02
 7000000000  4.40010E-07  2.89274E-04  3.82834E+02
 8000000000  4.39888E-07  2.69211E-04  3.86794E+02
 9000000000  4.39900E-07  2.53105E-04  3.88944E+02
10000000000  4.39873E-07  2.40929E-04  3.86323E+02
tally   44    1    0
f        1
     53
d        1
u        0
s        0
m        0
c        0
e        0
t        0
vals
  1.44243E-05 0.0007
tfc   10       1       1       1       1       1       1       1       1
 1000000000  1.44319E-05  1.78845E-03  7.01306E+01
 2000000000  1.44211E-05  9.68980E-04  1.19402E+02
 3000000000  1.44168E-05  6.87709E-04  1.58053E+02
 4000000000  1.44233E-05  9.24338E-04  6.56271E+01
 5000000000  1.44249E-05  7.90999E-04  7.16912E+01
 6000000000  1.44224E-05  6.71256E-04  8.29489E+01
 7000000000  1.44210E-05  5.84237E-04  9.38533E+01
 8000000000  1.44193E-05  5.16567E-04  1.05054E+02
 9000000000  1.44274E-05  7.95458E-04  3.93781E+01
10000000000  1.44243E-05  7.19306E-04  4.33412E+01
tally   54    1    0
f        1
     52
d        1
u        0
s        0
m        0
c        0
e        0
t        0
vals
  2.52221E-07 0.0002
tfc   10       1       1       1       1       1       1       1       1
 1000000000  2.52180E-07  5.34367E-04  7.85564E+02
 2000000000  2.52279E-07  3.87783E-04  7.45529E+02
 3000000000  2.52235E-07  3.16394E-04  7.46719E+02
 4000000000  2.52211E-07  2.73130E-04  7.51636E+02
 5000000000  2.52189E-07  2.44057E-04  7.53069E+02
 6000000000  2.52185E-07  2.22010E-04  7.58303E+02
 7000000000  2.52179E-07  2.05331E-04  7.59832E+02
 8000000000  2.52181E-07  1.93912E-04  7.45512E+02
 9000000000  2.52211E-07  1.83561E-04  7.39483E+02
10000000000  2.52221E-07  1.74918E-04  7.32922E+02
tally   64    1    0
f        1
     51
d        1
u        0
s        0
m        0
c        0
e        0
t        0
vals
  1.33432E-07 0.0002
tfc   10       1       1       1       1       1       1       1       1
 1000000000  1.33412E-07  6.34395E-04  5.57367E+02
 2000000000  1.33523E-07  4.55115E-04  5.41252E+02
 3000000000  1.33455E-07  3.75017E-04  5.31509E+02
 4000000000  1.33436E-07  3.25697E-04  5.28587E+02
 5000000000  1.33428E-07  2.90958E-04  5.29855E+02
 6000000000  1.33440E-07  2.64495E-04  5.34262E+02
 7000000000  1.33436E-07  2.45467E-04  5.31669E+02
 8000000000  1.33408E-07  2.29183E-04  5.33705E+02
 9000000000  1.33421E-07  2.34110E-04  4.54622E+02
10000000000  1.33432E-07  2.21253E-04  4.58087E+02
