mcnp       5.mpi 02/24/18 19:36:15     3  1000000000   382136883535
 steel-plate                                                                    
ntal     1
    4
tally    4    1    0
f        1
     42
d        1
u        0
s        0
m        0
c        0
e        0
t        0
vals
  1.65340E-12 0.0149
tfc   10       1       1       1       1       1       1       1       1
  100000000  1.60903E-12  1.16778E-02  4.87840E+01
  200000000  1.60891E-12  8.63435E-03  4.46065E+01
  300000000  1.61514E-12  9.71302E-03  2.34268E+01
  400000000  1.61523E-12  1.14306E-02  1.26281E+01
  500000000  1.62487E-12  1.27951E-02  8.06413E+00
  600000000  1.65229E-12  2.08688E-02  2.51820E+00
  700000000  1.65060E-12  1.81806E-02  2.84782E+00
  800000000  1.64133E-12  1.60269E-02  3.21247E+00
  900000000  1.63775E-12  1.44934E-02  3.46273E+00
 1000000000  1.65340E-12  1.49268E-02  2.92523E+00
