mcnp       5.mpi 03/02/18 11:44:06     3  1000000000   284504991509
                                                                                
ntal     4
   14   24   34   44
tally   14    2    0
f        1
      1
d        1
u        0
s        0
m        0
c        0
e        0
t        0
vals
  5.30099E-10 0.0040
tfc   10       1       1       1       1       1       1       1       1
  100000000  5.34140E-10  1.11432E-02  3.38501E+01
  200000000  5.29631E-10  7.85232E-03  3.41335E+01
  300000000  5.28101E-10  6.64364E-03  3.18044E+01
  400000000  5.27624E-10  5.94366E-03  2.97761E+01
  500000000  5.30050E-10  6.05574E-03  2.29494E+01
  600000000  5.31173E-10  5.50203E-03  2.31802E+01
  700000000  5.30122E-10  4.95940E-03  2.44531E+01
  800000000  5.30389E-10  4.57695E-03  2.51254E+01
  900000000  5.29803E-10  4.25901E-03  2.57913E+01
 1000000000  5.30099E-10  4.02148E-03  2.60308E+01
tally   24    2    0
f        1
      2
d        1
u        0
s        0
m        0
c        0
e        0
t        0
vals
  4.34143E-10 0.0039
tfc   10       1       1       1       1       1       1       1       1
  100000000  4.44560E-10  1.29030E-02  2.52464E+01
  200000000  4.38991E-10  8.81108E-03  2.71094E+01
  300000000  4.36270E-10  7.16095E-03  2.73752E+01
  400000000  4.38168E-10  6.57258E-03  2.43503E+01
  500000000  4.35813E-10  5.68629E-03  2.60284E+01
  600000000  4.35325E-10  5.13387E-03  2.66240E+01
  700000000  4.35933E-10  4.72635E-03  2.69240E+01
  800000000  4.34787E-10  4.40483E-03  2.71272E+01
  900000000  4.34927E-10  4.13702E-03  2.73348E+01
 1000000000  4.34143E-10  3.89304E-03  2.77767E+01
tally   34    2    0
f        1
      3
d        1
u        0
s        0
m        0
c        0
e        0
t        0
vals
  3.39832E-10 0.0063
tfc   10       1       1       1       1       1       1       1       1
  100000000  3.35849E-10  1.90961E-02  1.15264E+01
  200000000  3.31138E-10  1.26687E-02  1.31133E+01
  300000000  3.31366E-10  1.01425E-02  1.36461E+01
  400000000  3.34076E-10  8.87643E-03  1.33506E+01
  500000000  3.35881E-10  7.99004E-03  1.31828E+01
  600000000  3.37807E-10  7.44494E-03  1.26602E+01
  700000000  3.37594E-10  6.98377E-03  1.23314E+01
  800000000  3.37505E-10  6.46933E-03  1.25761E+01
  900000000  3.39297E-10  6.73982E-03  1.02990E+01
 1000000000  3.39832E-10  6.32708E-03  1.05160E+01
tally   44    2    0
f        1
      4
d        1
u        0
s        0
m        0
c        0
e        0
t        0
vals
  4.40341E-10 0.0048
tfc   10       1       1       1       1       1       1       1       1
  100000000  4.46446E-10  1.45920E-02  1.97402E+01
  200000000  4.41443E-10  1.01461E-02  2.04444E+01
  300000000  4.40063E-10  8.52817E-03  1.93013E+01
  400000000  4.39858E-10  7.52713E-03  1.85660E+01
  500000000  4.40757E-10  6.85386E-03  1.79157E+01
  600000000  4.41647E-10  6.33034E-03  1.75109E+01
  700000000  4.40863E-10  5.79211E-03  1.79274E+01
  800000000  4.41226E-10  5.42240E-03  1.79011E+01
  900000000  4.40658E-10  5.10586E-03  1.79454E+01
 1000000000  4.40341E-10  4.80963E-03  1.81985E+01
