mcnp       5.mpi 03/02/18 14:10:19     2  1000000000   173283323172
                                                                                
ntal     4
   14   24   34   44
tally   14    2    0
f        1
      1
d        1
u        0
s        0
m        0
c        0
e        0
t        0
vals
  5.31839E-10 0.0032
tfc   10       1       1       1       1       1       1       1       1
  100000000  5.30274E-10  9.98030E-03  8.54956E+01
  200000000  5.29468E-10  7.04333E-03  8.58458E+01
  300000000  5.28399E-10  5.78687E-03  8.48121E+01
  400000000  5.30638E-10  5.01712E-03  8.46437E+01
  500000000  5.31557E-10  4.49005E-03  8.45512E+01
  600000000  5.31141E-10  4.14584E-03  8.26577E+01
  700000000  5.31795E-10  3.84242E-03  8.24864E+01
  800000000  5.31639E-10  3.59636E-03  8.23944E+01
  900000000  5.31477E-10  3.39082E-03  8.23878E+01
 1000000000  5.31839E-10  3.23127E-03  8.16547E+01
tally   24    2    0
f        1
      2
d        1
u        0
s        0
m        0
c        0
e        0
t        0
vals
  4.34395E-10 0.0026
tfc   10       1       1       1       1       1       1       1       1
  100000000  4.30505E-10  8.36169E-03  1.21799E+02
  200000000  4.32469E-10  5.89408E-03  1.22587E+02
  300000000  4.32250E-10  4.83043E-03  1.21724E+02
  400000000  4.32183E-10  4.16440E-03  1.22857E+02
  500000000  4.33481E-10  3.72233E-03  1.23025E+02
  600000000  4.33855E-10  3.42734E-03  1.20947E+02
  700000000  4.34303E-10  3.17212E-03  1.21030E+02
  800000000  4.34498E-10  2.96789E-03  1.20984E+02
  900000000  4.34422E-10  2.78609E-03  1.22034E+02
 1000000000  4.34395E-10  2.64412E-03  1.21946E+02
tally   34    2    0
f        1
      3
d        1
u        0
s        0
m        0
c        0
e        0
t        0
vals
  3.41199E-10 0.0025
tfc   10       1       1       1       1       1       1       1       1
  100000000  3.40290E-10  7.81895E-03  1.39294E+02
  200000000  3.42362E-10  5.48976E-03  1.41309E+02
  300000000  3.42000E-10  4.47474E-03  1.41844E+02
  400000000  3.41023E-10  3.87594E-03  1.41824E+02
  500000000  3.40930E-10  3.47501E-03  1.41160E+02
  600000000  3.40713E-10  3.18598E-03  1.39966E+02
  700000000  3.40301E-10  2.95094E-03  1.39853E+02
  800000000  3.40555E-10  2.75364E-03  1.40544E+02
  900000000  3.40683E-10  2.59838E-03  1.40302E+02
 1000000000  3.41199E-10  2.46537E-03  1.40269E+02
tally   44    2    0
f        1
      4
d        1
u        0
s        0
m        0
c        0
e        0
t        0
vals
  4.41572E-10 0.0034
tfc   10       1       1       1       1       1       1       1       1
  100000000  4.41881E-10  1.04060E-02  7.86440E+01
  200000000  4.42434E-10  7.43728E-03  7.69922E+01
  300000000  4.41693E-10  6.13105E-03  7.55573E+01
  400000000  4.41611E-10  5.29442E-03  7.60094E+01
  500000000  4.40570E-10  4.75487E-03  7.53955E+01
  600000000  4.41829E-10  4.33612E-03  7.55626E+01
  700000000  4.41476E-10  4.01465E-03  7.55610E+01
  800000000  4.41853E-10  3.76600E-03  7.51388E+01
  900000000  4.41413E-10  3.54801E-03  7.52492E+01
 1000000000  4.41572E-10  3.36974E-03  7.50820E+01
