mcnp       5.mpi 03/08/18 10:02:54     3  1000000000   486444386041
                                                                                
ntal     4
   14   24   34   44
tally   14    2    0
f        1
      1
d        1
u        0
s        0
m        0
c        0
e        0
t        0
vals
  5.34097E-10 0.0036
tfc   10       1       1       1       1       1       1       1       1
  100000000  5.35038E-10  1.30458E-02  2.66295E+01
  200000000  5.32731E-10  8.51478E-03  3.12759E+01
  300000000  5.30839E-10  6.72860E-03  3.33887E+01
  400000000  5.31534E-10  5.78378E-03  3.38916E+01
  500000000  5.30879E-10  5.11802E-03  3.46267E+01
  600000000  5.32656E-10  4.77748E-03  3.31182E+01
  700000000  5.33061E-10  4.35318E-03  3.41926E+01
  800000000  5.34519E-10  4.13483E-03  3.31640E+01
  900000000  5.34331E-10  3.85287E-03  3.39514E+01
 1000000000  5.34097E-10  3.61867E-03  3.46404E+01
tally   24    2    0
f        1
      2
d        1
u        0
s        0
m        0
c        0
e        0
t        0
vals
  4.34389E-10 0.0156
tfc   10       1       1       1       1       1       1       1       1
  100000000  3.99580E-10  2.44437E-02  7.58521E+00
  200000000  4.05827E-10  1.79373E-02  7.04758E+00
  300000000  4.13889E-10  1.49093E-02  6.80043E+00
  400000000  4.15900E-10  1.33215E-02  6.38863E+00
  500000000  4.22979E-10  1.47407E-02  4.17424E+00
  600000000  4.23782E-10  1.31372E-02  4.37986E+00
  700000000  4.25096E-10  1.22191E-02  4.33974E+00
  800000000  4.26122E-10  1.13917E-02  4.36924E+00
  900000000  4.29103E-10  1.09298E-02  4.21894E+00
 1000000000  4.34389E-10  1.55737E-02  1.87023E+00
tally   34    2    0
f        1
      3
d        1
u        0
s        0
m        0
c        0
e        0
t        0
vals
  3.35492E-10 0.0149
tfc   10       1       1       1       1       1       1       1       1
  100000000  3.27762E-10  4.14855E-02  2.63336E+00
  200000000  3.23856E-10  2.87591E-02  2.74160E+00
  300000000  3.24596E-10  2.37277E-02  2.68496E+00
  400000000  3.25631E-10  2.05330E-02  2.68913E+00
  500000000  3.32109E-10  1.86544E-02  2.60648E+00
  600000000  3.30960E-10  1.73956E-02  2.49795E+00
  700000000  3.28195E-10  1.60520E-02  2.51471E+00
  800000000  3.30536E-10  1.50925E-02  2.48919E+00
  900000000  3.34052E-10  1.58930E-02  1.99533E+00
 1000000000  3.35492E-10  1.48503E-02  2.05688E+00
tally   44    2    0
f        1
      4
d        1
u        0
s        0
m        0
c        0
e        0
t        0
vals
  4.30182E-10 0.0195
tfc   10       1       1       1       1       1       1       1       1
  100000000  4.44552E-10  4.93888E-02  1.85800E+00
  200000000  4.61223E-10  3.49416E-02  1.85725E+00
  300000000  4.48299E-10  3.03477E-02  1.64134E+00
  400000000  4.51405E-10  3.54907E-02  9.00091E-01
  500000000  4.45285E-10  3.04340E-02  9.79261E-01
  600000000  4.38775E-10  2.67940E-02  1.05290E+00
  700000000  4.36313E-10  2.42698E-02  1.10005E+00
  800000000  4.32333E-10  2.22304E-02  1.14732E+00
  900000000  4.29182E-10  2.06066E-02  1.18689E+00
 1000000000  4.30182E-10  1.94958E-02  1.19343E+00
