mcnp       5.mpi 02/25/18 05:15:42     3  1000000000   382196251084
 steel-plate                                                                    
ntal     1
    4
tally    4    1    0
f        1
     42
d        1
u        0
s        0
m        0
c        0
e        0
t        0
vals
  1.90528E-12 0.0730
tfc   10       1       1       1       1       1       1       1       1
  100000000  1.61293E-12  1.38836E-02  3.45140E+01
  200000000  1.63423E-12  1.38863E-02  1.75745E+01
  300000000  1.73263E-12  5.78710E-02  6.63128E-01
  400000000  1.92140E-12  7.47629E-02  2.80255E-01
  500000000  1.86496E-12  6.16888E-02  3.35149E-01
  600000000  1.82568E-12  5.25908E-02  3.88981E-01
  700000000  1.97371E-12  9.97487E-02  9.32545E-02
  800000000  1.92666E-12  8.94187E-02  1.02340E-01
  900000000  1.91933E-12  8.03106E-02  1.12083E-01
 1000000000  1.90528E-12  7.29844E-02  1.21764E-01
