mcnp       5.mpi 02/26/18 11:50:07    11 10000000000  7010844930333
 dlvn                                                                           
ntal     6
   14   24   34   44   54   64
tally   14    1    0
f        1
     56
d        1
u        0
s        0
m        0
c        0
e        0
t        0
vals
  7.08215E-07 0.0002
tfc   10       1       1       1       1       1       1       1       1
 1000000000  7.08338E-07  5.75386E-04  8.81919E+02
 2000000000  7.08044E-07  4.05538E-04  8.87690E+02
 3000000000  7.08094E-07  3.28950E-04  8.99434E+02
 4000000000  7.08184E-07  2.85255E-04  8.96959E+02
 5000000000  7.08159E-07  2.55585E-04  8.93822E+02
 6000000000  7.08226E-07  2.35354E-04  8.78358E+02
 7000000000  7.08248E-07  2.17631E-04  8.80500E+02
 8000000000  7.08310E-07  2.05197E-04  8.66614E+02
 9000000000  7.08253E-07  1.92613E-04  8.74317E+02
10000000000  7.08215E-07  1.82505E-04  8.76486E+02
tally   24    1    0
f        1
     55
d        1
u        0
s        0
m        0
c        0
e        0
t        0
vals
  2.47518E-06 0.0005
tfc   10       1       1       1       1       1       1       1       1
 1000000000  2.48281E-06  2.47756E-03  4.75663E+01
 2000000000  2.47889E-06  1.33575E-03  8.18221E+01
 3000000000  2.47798E-06  9.65223E-04  1.04466E+02
 4000000000  2.47782E-06  9.41258E-04  8.23800E+01
 5000000000  2.47753E-06  7.76634E-04  9.68028E+01
 6000000000  2.47646E-06  6.59591E-04  1.11832E+02
 7000000000  2.47610E-06  5.74406E-04  1.26396E+02
 8000000000  2.47558E-06  5.08823E-04  1.40940E+02
 9000000000  2.47561E-06  5.02275E-04  1.28576E+02
10000000000  2.47518E-06  4.56334E-04  1.40194E+02
tally   34    1    0
f        1
     54
d        1
u        0
s        0
m        0
c        0
e        0
t        0
vals
  4.39932E-07 0.0002
tfc   10       1       1       1       1       1       1       1       1
 1000000000  4.39814E-07  6.87304E-04  6.18087E+02
 2000000000  4.39835E-07  4.88735E-04  6.11191E+02
 3000000000  4.39947E-07  3.97492E-04  6.15989E+02
 4000000000  4.40068E-07  3.46056E-04  6.09463E+02
 5000000000  4.40050E-07  3.09576E-04  6.09236E+02
 6000000000  4.40030E-07  2.82279E-04  6.10603E+02
 7000000000  4.39977E-07  2.60577E-04  6.14184E+02
 8000000000  4.39969E-07  2.44199E-04  6.11901E+02
 9000000000  4.39947E-07  2.30156E-04  6.12348E+02
10000000000  4.39932E-07  2.17978E-04  6.14424E+02
tally   44    1    0
f        1
     53
d        1
u        0
s        0
m        0
c        0
e        0
t        0
vals
  1.46713E-05 0.0212
tfc   10       1       1       1       1       1       1       1       1
 1000000000  1.42802E-05  1.85281E-03  8.50518E+01
 2000000000  1.42757E-05  1.18035E-03  1.04785E+02
 3000000000  1.43082E-05  1.35092E-03  5.33296E+01
 4000000000  1.43189E-05  1.36633E-03  3.90955E+01
 5000000000  1.49513E-05  4.15567E-02  3.38095E-02
 6000000000  1.48420E-05  3.48876E-02  3.99735E-02
 7000000000  1.47912E-05  3.00237E-02  4.62640E-02
 8000000000  1.47644E-05  2.63580E-02  5.25223E-02
 9000000000  1.47166E-05  2.35103E-02  5.86849E-02
10000000000  1.46713E-05  2.12252E-02  6.48024E-02
tally   54    1    0
f        1
     52
d        1
u        0
s        0
m        0
c        0
e        0
t        0
vals
  2.52194E-07 0.0004
tfc   10       1       1       1       1       1       1       1       1
 1000000000  2.52410E-07  1.16569E-03  2.14871E+02
 2000000000  2.52409E-07  8.16335E-04  2.19072E+02
 3000000000  2.52281E-07  6.71775E-04  2.15666E+02
 4000000000  2.52211E-07  5.76511E-04  2.19596E+02
 5000000000  2.52146E-07  5.15027E-04  2.20121E+02
 6000000000  2.52277E-07  4.84242E-04  2.07486E+02
 7000000000  2.52178E-07  4.46289E-04  2.09382E+02
 8000000000  2.52172E-07  4.16107E-04  2.10746E+02
 9000000000  2.52180E-07  3.90477E-04  2.12741E+02
10000000000  2.52194E-07  3.71169E-04  2.11909E+02
tally   64    1    0
f        1
     51
d        1
u        0
s        0
m        0
c        0
e        0
t        0
vals
  1.33530E-07 0.0020
tfc   10       1       1       1       1       1       1       1       1
 1000000000  1.33878E-07  8.04236E-03  4.51419E+00
 2000000000  1.34830E-07  5.40465E-03  4.99790E+00
 3000000000  1.34495E-07  4.12961E-03  5.70704E+00
 4000000000  1.34134E-07  3.42117E-03  6.23577E+00
 5000000000  1.33948E-07  2.98176E-03  6.56714E+00
 6000000000  1.33902E-07  2.62782E-03  7.04571E+00
 7000000000  1.33625E-07  2.37906E-03  7.36819E+00
 8000000000  1.33551E-07  2.22262E-03  7.38651E+00
 9000000000  1.33552E-07  2.07966E-03  7.49990E+00
10000000000  1.33530E-07  1.95673E-03  7.62487E+00
