mcnp       5.mpi 02/26/18 00:59:09     3  1000000000   393473437541
 steel-plate                                                                    
ntal     1
    4
tally    4    1    0
f        1
     42
d        1
u        0
s        0
m        0
c        0
e        0
t        0
vals
  1.81049E-12 0.0538
tfc   10       1       1       1       1       1       1       1       1
  100000000  1.64390E-12  2.49838E-02  1.06827E+01
  200000000  1.61870E-12  1.40455E-02  1.69331E+01
  300000000  1.84779E-12  1.27079E-01  1.30764E-01
  400000000  1.78708E-12  9.85945E-02  1.64512E-01
  500000000  1.75700E-12  8.02868E-02  2.00273E-01
  600000000  1.89219E-12  8.45596E-02  1.49291E-01
  700000000  1.85952E-12  7.38407E-02  1.69163E-01
  800000000  1.83210E-12  6.56397E-02  1.87832E-01
  900000000  1.81953E-12  5.93166E-02  2.04548E-01
 1000000000  1.81049E-12  5.38193E-02  2.23701E-01
