mcnp       5.mpi 02/25/18 22:55:40     3  1000000000   395668696061
 steel-plate                                                                    
ntal     1
    4
tally    4    1    0
f        1
     42
d        1
u        0
s        0
m        0
c        0
e        0
t        0
vals
  2.77135E-12 0.1778
tfc   10       1       1       1       1       1       1       1       1
  100000000  1.65057E-12  3.77913E-02  5.16131E+00
  200000000  2.35953E-12  2.76935E-01  4.68809E-02
  300000000  3.85025E-12  3.46476E-01  1.49218E-02
  400000000  3.50445E-12  2.90659E-01  1.63960E-02
  500000000  3.17490E-12  2.56830E-01  1.75058E-02
  600000000  3.00008E-12  2.27032E-01  1.91427E-02
  700000000  2.80397E-12  2.08214E-01  2.00955E-02
  800000000  2.66912E-12  1.91409E-01  2.12305E-02
  900000000  2.58578E-12  1.75843E-01  2.26428E-02
 1000000000  2.77135E-12  1.77829E-01  1.98946E-02
