mcnp       5.mpi 03/05/18 09:47:08     3  1000000000   468870520744
                                                                                
ntal     4
   14   24   34   44
tally   14    2    0
f        1
      1
d        1
u        0
s        0
m        0
c        0
e        0
t        0
vals
  5.33598E-10 0.0022
tfc   10       1       1       1       1       1       1       1       1
  100000000  5.29739E-10  6.82408E-03  1.04024E+02
  200000000  5.31161E-10  4.82762E-03  1.03984E+02
  300000000  5.32803E-10  3.93373E-03  1.04415E+02
  400000000  5.33237E-10  3.46919E-03  1.00701E+02
  500000000  5.33760E-10  3.08426E-03  1.01924E+02
  600000000  5.33619E-10  2.81720E-03  1.01812E+02
  700000000  5.33518E-10  2.61592E-03  1.01222E+02
  800000000  5.33409E-10  2.44576E-03  1.01325E+02
  900000000  5.33795E-10  2.31206E-03  1.00778E+02
 1000000000  5.33598E-10  2.18862E-03  1.01221E+02
tally   24    2    0
f        1
      2
d        1
u        0
s        0
m        0
c        0
e        0
t        0
vals
  4.44960E-10 0.0234
tfc   10       1       1       1       1       1       1       1       1
  100000000  5.10611E-10  1.62311E-01  1.83878E-01
  200000000  4.75229E-10  8.80767E-02  3.12401E-01
  300000000  4.65499E-10  6.07136E-02  4.38331E-01
  400000000  4.53321E-10  4.71946E-02  5.44133E-01
  500000000  4.46320E-10  3.87805E-02  6.44691E-01
  600000000  4.45434E-10  3.27103E-02  7.55203E-01
  700000000  4.42054E-10  2.84731E-02  8.54384E-01
  800000000  4.42683E-10  2.54828E-02  9.33356E-01
  900000000  4.46127E-10  2.57711E-02  8.11149E-01
 1000000000  4.44960E-10  2.34033E-02  8.85234E-01
tally   34    2    0
f        1
      3
d        1
u        0
s        0
m        0
c        0
e        0
t        0
vals
  3.38474E-10 0.0202
tfc   10       1       1       1       1       1       1       1       1
  100000000  3.44162E-10  5.50810E-02  1.59669E+00
  200000000  3.30745E-10  3.62607E-02  1.84315E+00
  300000000  3.30027E-10  2.80791E-02  2.04931E+00
  400000000  3.34665E-10  2.86139E-02  1.48025E+00
  500000000  3.49192E-10  3.38973E-02  8.43817E-01
  600000000  3.47896E-10  2.92637E-02  9.43575E-01
  700000000  3.41318E-10  2.61310E-02  1.01440E+00
  800000000  3.37191E-10  2.39509E-02  1.05657E+00
  900000000  3.36677E-10  2.19423E-02  1.11893E+00
 1000000000  3.38474E-10  2.02261E-02  1.18519E+00
tally   44    2    0
f        1
      4
d        1
u        0
s        0
m        0
c        0
e        0
t        0
vals
  4.48053E-10 0.0332
tfc   10       1       1       1       1       1       1       1       1
  100000000  4.05727E-10  5.99690E-02  1.34701E+00
  200000000  4.08855E-10  4.20255E-02  1.37217E+00
  300000000  4.09987E-10  3.32730E-02  1.45945E+00
  400000000  4.18925E-10  2.93920E-02  1.40292E+00
  500000000  4.27351E-10  2.62158E-02  1.41076E+00
  600000000  4.56224E-10  4.90717E-02  3.35561E-01
  700000000  4.51601E-10  4.31567E-02  3.71898E-01
  800000000  4.49608E-10  3.96518E-02  3.85493E-01
  900000000  4.51527E-10  3.57654E-02  4.21154E-01
 1000000000  4.48053E-10  3.31578E-02  4.41002E-01
